meshes in: [('output_unwrapped', 311337)]
tris before 311337
  pass -> 31132
  pass -> 17804
  pass -> 17594
  pass -> 17584
  pass -> 17584
  pass -> 17584
  pass -> 17584
  pass -> 17584
tris after 17584
bbox min (-1.04, -0.79, 0.0) max (1.04, 0.79, 2.4)
Z slices: z_from z_to n ymin ymax xmin xmax  (y<0 = 'front' side of view)
 0.00  0.20   168 -0.68  0.05 -0.44  0.96
 0.20  0.40   337 -0.64  0.46 -0.51  0.79
 0.40  0.60   603 -0.66  0.60 -0.66  0.78
 0.60  0.80   661 -0.72  0.64 -0.75  0.73
 0.80  1.00   501 -0.79  0.66 -0.79  0.87
 1.00  1.20   410 -0.61  0.65 -0.96  0.88
 1.20  1.40   503 -0.64  0.73 -1.01  0.89
 1.40  1.60   804 -0.69  0.78 -1.04  0.81
 1.60  1.80   916 -0.72  0.79 -1.02  0.86
 1.80  2.00  1163 -0.68  0.77 -0.93  1.03
 2.00  2.20   664 -0.57  0.64 -0.77  1.04
 2.20  2.40    71 -0.50  0.19 -0.08  0.61
Y slices: y_from y_to n zmin zmax xmin xmax
-0.79 -0.59   310  0.02  1.99 -0.39  0.80
-0.59 -0.39   663  0.00  2.36 -0.44  0.89
-0.39 -0.19   612  0.00  2.32 -0.35  0.96
-0.19  0.01   853  0.02  2.40 -0.59  1.04
 0.01  0.21  1213  0.11  2.20 -0.88  0.67
 0.21  0.41  1077  0.30  2.19 -1.00  0.63
 0.41  0.61  1407  0.40  2.10 -1.04 -0.03
 0.61  0.81   666  0.71  2.01 -1.01 -0.23
PREP_DONE
