meshes in: [('Mesh_0', 15000)]
tris before 15000
tris after 15000
bbox min (-1.02, -0.68, 0.0) max (1.02, 0.68, 2.4)
Z slices: z_from z_to n ymin ymax xmin xmax  (y<0 = 'front' side of view)
 0.00  0.20   405 -0.53  0.21 -0.19  0.52
 0.20  0.40   206 -0.39  0.42 -0.51  0.32
 0.40  0.60   416 -0.48  0.60 -0.77  0.42
 0.60  0.80   369 -0.55  0.66 -0.86  0.49
 0.80  1.00   698 -0.57  0.68 -0.87  0.50
 1.00  1.20   770 -0.53  0.66 -0.86  0.61
 1.20  1.40   962 -0.67  0.63 -0.98  0.99
 1.40  1.60  1350 -0.68  0.61 -1.02  1.02
 1.60  1.80   871 -0.54  0.62 -1.01  0.46
 1.80  2.00   523 -0.42  0.57 -0.97  0.41
 2.00  2.20   631 -0.38  0.40 -0.76  0.45
 2.20  2.40   245 -0.24  0.16 -0.32  0.44
 2.40  2.60     1 -0.14 -0.14 -0.23 -0.23
Y slices: y_from y_to n zmin zmax xmin xmax
-0.68 -0.48   448  0.00  1.77 -0.21  1.02
-0.48 -0.28  1769  0.00  2.11 -0.35  0.92
-0.28 -0.08  1759  0.01  2.40 -0.47  0.67
-0.08  0.12  1618  0.00  2.39 -0.87  0.49
 0.12  0.32   904  0.00  2.26 -1.01  0.40
 0.32  0.52   606  0.34  2.08 -1.02  0.01
 0.52  0.72   343  0.47  1.86 -0.89 -0.18
PREP_DONE
