meshes in: [('Mesh_0', 279999)]
tris before 279999
tris after 279999
bbox min (-0.76, -1.03, 0.0) max (0.76, 1.03, 2.4)
Z slices: z_from z_to n ymin ymax xmin xmax  (y<0 = 'front' side of view)
 0.00  0.20  3167 -0.45  0.06 -0.51  0.47
 0.20  0.40   545 -0.28  0.06 -0.38  0.35
 0.40  0.60  1985 -0.37  0.10 -0.42  0.39
 0.60  0.80 14600 -0.99  0.57 -0.61  0.38
 0.80  1.00 24874 -1.02  0.69 -0.73  0.49
 1.00  1.20 28631 -1.03  0.71 -0.76  0.53
 1.20  1.40 21212 -1.01  0.88 -0.74  0.59
 1.40  1.60 22159 -0.99  1.01 -0.63  0.73
 1.60  1.80  6099 -0.62  1.03 -0.38  0.76
 1.80  2.00  4293 -0.68  1.01 -0.39  0.75
 2.00  2.20  5829 -0.59  0.88 -0.33  0.65
 2.20  2.40  5238 -0.50  0.09 -0.31  0.29
 2.40  2.60     1 -0.08 -0.08 -0.24 -0.24
Y slices: y_from y_to n zmin zmax xmin xmax
-1.03 -0.83 11436  0.67  1.55 -0.75  0.13
-0.83 -0.63 34972  0.68  1.95 -0.76  0.29
-0.63 -0.43 35633  0.02  2.30 -0.68  0.41
-0.43 -0.23 21559  0.00  2.38 -0.69  0.47
-0.23 -0.03 16036  0.00  2.40 -0.58  0.45
-0.03  0.17  9801  0.00  2.35 -0.41  0.51
 0.17  0.37  1496  0.71  2.10 -0.09  0.62
 0.37  0.57  2340  0.71  2.13 -0.09  0.71
 0.57  0.77  3006  0.80  2.13 -0.01  0.76
 0.77  0.97  1854  1.38  2.09  0.14  0.76
 0.97  1.17   500  1.49  1.90  0.34  0.64
PREP_DONE
