meshes in: [('Mesh_0', 609908)]
tris before 609908
tris after 7000
bbox min (-0.97, -0.79, 0.0) max (0.97, 0.79, 2.4)
Z slices: z_from z_to n ymin ymax xmin xmax  (y<0 = 'front' side of view)
 0.00  0.20   229 -0.50  0.58 -0.70  0.56
 0.20  0.40   139 -0.71  0.65 -0.86  0.76
 0.40  0.60   258 -0.74  0.71 -0.97  0.86
 0.60  0.80   190 -0.64  0.74 -0.89  0.85
 0.80  1.00   412 -0.59  0.72 -0.75  0.85
 1.00  1.20   530 -0.77  0.68 -0.83  0.78
 1.20  1.40   496 -0.79  0.70 -0.83  0.89
 1.40  1.60   206 -0.70  0.77 -0.68  0.93
 1.60  1.80   278 -0.67  0.79 -0.79  0.97
 1.80  2.00   287 -0.63  0.76 -0.63  0.97
 2.00  2.20   377 -0.49  0.65 -0.67  0.88
 2.20  2.40    78 -0.32  0.48 -0.65  0.70
Y slices: y_from y_to n zmin zmax xmin xmax
-0.79 -0.59   472  0.33  1.87 -0.83  0.26
-0.59 -0.39   705  0.01  2.12 -0.86  0.39
-0.39 -0.19   852  0.00  2.27 -0.96  0.52
-0.19  0.01   588  0.01  2.40 -0.97  0.56
 0.01  0.21   468  0.07  2.25 -0.92  0.81
 0.21  0.41   146  0.09  2.24 -0.64  0.93
 0.41  0.61   153  0.11  2.24 -0.04  0.97
 0.61  0.81    96  0.36  2.05  0.16  0.92
PREP_DONE
