meshes in: [('Mesh_0', 1012454)]
tris before 1012454
  pass -> 101244
  pass -> 10124
  pass -> 7000
tris after 7000
bbox min (-1.0, -0.79, 0.0) max (1.0, 0.79, 2.4)
Z slices: z_from z_to n ymin ymax xmin xmax  (y<0 = 'front' side of view)
 0.00  0.20   254 -0.61  0.46 -0.69  0.70
 0.20  0.40   266 -0.75  0.62 -0.58  0.65
 0.40  0.60   243 -0.75  0.66 -0.59  0.73
 0.60  0.80   348 -0.75  0.73 -0.60  0.90
 0.80  1.00   350 -0.65  0.77 -0.55  0.97
 1.00  1.20   317 -0.60  0.79 -0.47  1.00
 1.20  1.40   440 -0.69  0.78 -0.61  0.97
 1.40  1.60   312 -0.73  0.68 -0.71  0.89
 1.60  1.80   289 -0.71  0.44 -0.74  0.61
 1.80  2.00   287 -0.77  0.08 -0.93  0.59
 2.00  2.20   229 -0.78  0.03 -0.96  0.61
 2.20  2.40    98 -0.79 -0.03 -1.00 -0.11
 2.40  2.60     1 -0.06 -0.06 -0.20 -0.20
Y slices: y_from y_to n zmin zmax xmin xmax
-0.79 -0.59   494  0.00  2.37 -1.00  0.63
-0.59 -0.39  1199  0.00  2.36 -0.84  0.69
-0.39 -0.19   733  0.01  2.20 -0.69  0.70
-0.19  0.01   577  0.05  2.40 -0.53  0.61
 0.01  0.21   153  0.14  2.06 -0.25  0.75
 0.21  0.41   108  0.14  1.61 -0.16  0.96
 0.41  0.61   112  0.19  1.60 -0.02  1.00
 0.61  0.81    58  0.40  1.49  0.25  0.97
PREP_DONE
