band      part   n      Root  Chest   Neck   Head  Tail1  Tail2   x-range
 0.0-0.1  front   78    0.89   0.00   0.03   0.02   0.00   0.00   -0.54.. 0.65
 0.0-0.1  mid     72    0.93   0.00   0.01   0.00   0.00   0.00   -0.50.. 0.70
 0.0-0.1  back    16    0.73   0.00   0.00   0.00   0.26   0.00   -0.15.. 0.14
 0.1-0.2  front   73    0.89   0.00   0.03   0.03   0.00   0.00   -0.51.. 0.76
 0.1-0.2  mid     49    0.93   0.00   0.01   0.00   0.00   0.00   -0.55.. 0.78
 0.1-0.2  back    21    0.71   0.00   0.00   0.00   0.28   0.00   -0.22.. 0.25
 0.2-0.3  front   29    0.84   0.02   0.06   0.06   0.00   0.00   -0.55.. 0.79
 0.2-0.3  mid     41    0.92   0.01   0.01   0.00   0.02   0.00   -0.60.. 0.82
 0.2-0.3  back    19    0.66   0.00   0.00   0.00   0.33   0.00   -0.26.. 0.31
 0.3-0.4  front   26    0.80   0.04   0.08   0.07   0.00   0.00   -0.60.. 0.79
 0.3-0.4  mid     29    0.90   0.02   0.01   0.01   0.02   0.00   -0.62.. 0.81
 0.3-0.4  back    22    0.53   0.00   0.00   0.00   0.46   0.00   -0.31.. 0.33
 0.4-0.5  front   54    0.61   0.06   0.16   0.16   0.00   0.00   -0.56.. 0.78
 0.4-0.5  mid     30    0.87   0.04   0.02   0.01   0.03   0.00   -0.61.. 0.82
 0.4-0.5  back    25    0.44   0.00   0.00   0.00   0.55   0.00   -0.31.. 0.33
 0.5-0.6  front   80    0.54   0.06   0.20   0.20   0.00   0.00   -0.53.. 0.76
 0.5-0.6  mid     49    0.83   0.05   0.01   0.01   0.06   0.00   -0.58.. 0.77
 0.5-0.6  back    25    0.37   0.00   0.00   0.00   0.62   0.00   -0.36.. 0.35
 0.6-0.7  front   61    0.49   0.10   0.21   0.19   0.00   0.00   -0.76.. 0.69
 0.6-0.7  mid     42    0.75   0.10   0.03   0.03   0.07   0.00   -0.51.. 0.73
 0.6-0.7  back    19    0.28   0.00   0.00   0.00   0.70   0.00   -0.38.. 0.34
 0.7-0.8  front  146    0.40   0.22   0.20   0.18   0.00   0.00   -0.82.. 0.65
 0.7-0.8  mid     31    0.62   0.22   0.07   0.05   0.03   0.00   -0.54.. 0.61
 0.7-0.8  back    20    0.23   0.00   0.00   0.00   0.76   0.00   -0.39.. 0.35
 0.8-0.9  front  156    0.35   0.24   0.22   0.18   0.00   0.00   -0.82.. 0.60
 0.8-0.9  mid     30    0.49   0.34   0.09   0.06   0.00   0.00   -0.81.. 0.49
 0.8-0.9  back    22    0.14   0.00   0.00   0.00   0.84   0.00   -0.39.. 0.34
 0.9-1.0  front  130    0.26   0.17   0.30   0.27   0.00   0.00   -0.75.. 0.56
 0.9-1.0  mid     37    0.37   0.41   0.13   0.08   0.00   0.00   -0.78.. 0.58
 0.9-1.0  back    23    0.08   0.00   0.00   0.00   0.91   0.00   -0.39.. 0.33
 1.0-1.1  front  125    0.22   0.15   0.32   0.30   0.00   0.00   -0.59.. 0.56
 1.0-1.1  mid     36    0.31   0.45   0.14   0.09   0.00   0.00   -0.69.. 0.42
 1.0-1.1  back    23    0.04   0.00   0.00   0.00   0.93   0.01   -0.38.. 0.34
 1.1-1.2  front  164    0.08   0.04   0.43   0.44   0.00   0.00   -0.48.. 0.57
 1.1-1.2  mid     14    0.18   0.62   0.13   0.05   0.00   0.00   -0.50.. 0.27
 1.1-1.2  back    24    0.02   0.00   0.00   0.00   0.93   0.03   -0.36.. 0.37
 1.2-1.3  front  264    0.04   0.02   0.41   0.51   0.00   0.00   -0.31.. 0.54
 1.2-1.3  mid     32    0.03   0.48   0.40   0.08   0.00   0.00   -0.28.. 0.35
 1.2-1.3  back    34    0.00   0.00   0.00   0.00   0.93   0.04   -0.34.. 0.40
 1.3-1.4  front  104    0.04   0.02   0.36   0.55   0.00   0.00   -0.38.. 0.52
 1.3-1.4  mid     56    0.01   0.35   0.45   0.13   0.05   0.00   -0.27.. 0.39
 1.3-1.4  back    30    0.00   0.00   0.00   0.00   0.92   0.07   -0.32.. 0.41
 1.4-1.5  front   47    0.01   0.01   0.17   0.79   0.00   0.00   -0.45.. 0.47
 1.4-1.5  mid     20    0.00   0.16   0.41   0.28   0.14   0.01   -0.36.. 0.37
 1.4-1.5  back    30    0.00   0.00   0.00   0.00   0.85   0.15   -0.33.. 0.45
BANDS_DONE
