follows BODY: 1175 verts
   v 3212 ( 0.39,-1.09, 1.20) head 0.00 body 0.98 rgb (0.58,0.57,0.58) hsv (319,0.02,0.58)
   v 1798 (-0.22,-0.67, 1.20) head 0.00 body 0.97 rgb (1.00,0.75,0.23) hsv ( 41,0.77,1.00)
   v 2949 ( 0.25,-0.73, 1.20) head 0.00 body 0.98 rgb (0.05,0.30,0.63) hsv (214,0.92,0.63)
   v 1385 (-0.21,-0.71, 1.20) head 0.00 body 0.96 rgb (0.99,0.77,0.28) hsv ( 41,0.72,0.99)
   v 1455 ( 0.26,-0.75, 1.20) head 0.00 body 0.98 rgb (0.04,0.30,0.64) hsv (214,0.94,0.64)
   v 1821 (-0.12,-0.73, 1.20) head 0.00 body 0.96 rgb (1.00,0.75,0.28) hsv ( 39,0.72,1.00)
   v  316 (-0.13,-0.63, 1.20) head 0.00 body 0.96 rgb (0.55,0.53,0.49) hsv ( 42,0.11,0.55)
   v  546 (-0.06,-0.70, 1.20) head 0.00 body 0.97 rgb (0.47,0.51,0.55) hsv (215,0.14,0.55)
   v  116 (-0.03,-0.72, 1.20) head 0.00 body 0.97 rgb (0.12,0.33,0.58) hsv (213,0.80,0.58)
   v  492 (-0.26,-0.37, 1.20) head 0.00 body 1.00 rgb (0.04,0.31,0.65) hsv (213,0.94,0.65)
   v  745 (-0.25,-0.43, 1.20) head 0.00 body 1.00 rgb (0.04,0.30,0.64) hsv (214,0.94,0.64)
   v  330 (-0.08,-0.81, 1.19) head 0.00 body 0.96 rgb (1.00,0.75,0.27) hsv ( 40,0.72,1.00)
   v 2437 (-0.23,-0.51, 1.19) head 0.00 body 1.00 rgb (0.04,0.30,0.64) hsv (214,0.94,0.64)
   v   79 (-0.21,-0.60, 1.19) head 0.00 body 0.99 rgb (0.78,0.72,0.43) hsv ( 49,0.44,0.78)
   v  623 ( 0.31,-0.78, 1.19) head 0.00 body 0.98 rgb (0.04,0.31,0.64) hsv (213,0.94,0.64)
   v 1170 (-0.26,-0.52, 1.19) head 0.00 body 1.00 rgb (0.04,0.30,0.64) hsv (214,0.94,0.64)
   v  991 (-0.18,-0.75, 1.19) head 0.00 body 0.96 rgb (0.99,0.75,0.27) hsv ( 40,0.72,0.99)
   v 1678 ( 0.36,-0.76, 1.19) head 0.00 body 0.98 rgb (0.04,0.31,0.65) hsv (214,0.94,0.65)
   v 1055 ( 0.24,-0.74, 1.19) head 0.00 body 0.98 rgb (0.04,0.30,0.64) hsv (214,0.94,0.64)
   v 2669 (-0.16,-0.60, 1.19) head 0.00 body 0.97 rgb (0.21,0.38,0.59) hsv (213,0.64,0.59)
   v 1418 (-0.01,-0.79, 1.19) head 0.00 body 0.96 rgb (0.99,0.76,0.31) hsv ( 40,0.68,0.99)
   v 2885 (-0.20,-0.59, 1.19) head 0.00 body 0.98 rgb (0.05,0.31,0.63) hsv (213,0.91,0.63)
   v 2982 ( 0.41,-0.74, 1.19) head 0.00 body 0.98 rgb (0.04,0.32,0.67) hsv (213,0.94,0.67)
   v  895 ( 0.50,-0.80, 1.19) head 0.00 body 0.98 rgb (0.14,0.43,0.80) hsv (214,0.83,0.80)
   v 2421 (-0.30,-0.38, 1.19) head 0.00 body 0.99 rgb (0.04,0.31,0.65) hsv (214,0.93,0.65)
   v 2093 ( 0.04,-0.80, 1.19) head 0.00 body 0.98 rgb (0.04,0.30,0.63) hsv (214,0.94,0.63)
   v  321 (-0.11,-0.70, 1.19) head 0.00 body 0.97 rgb (0.66,0.57,0.48) hsv ( 30,0.28,0.66)
   v 2306 ( 0.25,-0.74, 1.19) head 0.00 body 0.98 rgb (0.04,0.30,0.64) hsv (213,0.94,0.64)
   v 1252 ( 0.29,-0.87, 1.19) head 0.00 body 0.97 rgb (0.14,0.43,0.77) hsv (213,0.81,0.77)
   v  508 (-0.23,-0.58, 1.19) head 0.00 body 1.00 rgb (0.04,0.30,0.64) hsv (214,0.93,0.64)
   v 2326 ( 0.34,-0.95, 1.19) head 0.00 body 0.97 rgb (0.40,0.49,0.61) hsv (214,0.34,0.61)
   v 2553 ( 0.48,-1.03, 1.19) head 0.00 body 0.97 rgb (0.58,0.57,0.58) hsv (300,0.02,0.58)
   v 2021 (-0.28,-0.39, 1.19) head 0.00 body 0.99 rgb (0.04,0.31,0.64) hsv (213,0.94,0.64)
   v  518 (-0.20,-0.53, 1.19) head 0.00 body 0.96 rgb (0.04,0.30,0.64) hsv (214,0.94,0.64)
   v 3206 ( 0.38,-1.06, 1.19) head 0.00 body 0.98 rgb (0.57,0.56,0.57) hsv (324,0.02,0.57)
   v 2679 (-0.10,-0.07, 1.18) head 0.00 body 0.96 rgb (0.04,0.31,0.65) hsv (214,0.94,0.65)
   v 2708 ( 0.05,-0.78, 1.18) head 0.00 body 0.98 rgb (0.04,0.30,0.64) hsv (214,0.94,0.64)
   v 1630 ( 0.05,-0.72, 1.18) head 0.00 body 0.97 rgb (0.03,0.29,0.63) hsv (214,0.95,0.63)
   v 3423 ( 0.31,-0.86, 1.18) head 0.00 body 0.97 rgb (0.10,0.38,0.73) hsv (213,0.87,0.73)
   v 2720 ( 0.21,-0.75, 1.18) head 0.00 body 0.98 rgb (0.04,0.30,0.64) hsv (213,0.94,0.64)
LEAKS_DONE
