meshes in: [('Mesh_0', 3064814)]
tris before 3064814
tris after 7000
bbox min (-0.82, -1.32, 0.0) max (0.82, 1.32, 2.4)
Z slices: z_from z_to n ymin ymax xmin xmax  (y<0 = 'front' side of view)
 0.00  0.20   309 -0.76  0.87 -0.55  0.78
 0.20  0.40   166 -0.68  1.01 -0.62  0.82
 0.40  0.60   263 -0.91  1.07 -0.61  0.82
 0.60  0.80   319 -0.92  1.11 -0.82  0.73
 0.80  1.00   398 -1.04  1.11 -0.82  0.60
 1.00  1.20   386 -1.11  1.08 -0.69  0.57
 1.20  1.40   520 -1.19  1.17 -0.38  0.54
 1.40  1.60   249 -1.19  1.25 -0.48  0.56
 1.60  1.80   321 -1.30  1.32 -0.51  0.74
 1.80  2.00   239 -1.32  1.31 -0.54  0.78
 2.00  2.20   187 -0.80  1.24 -0.45  0.47
 2.20  2.40   118 -0.70  1.09 -0.39  0.40
 2.40  2.60     1  0.77  0.77  0.05  0.05
Y slices: y_from y_to n zmin zmax xmin xmax
-1.32 -1.12   163  1.22  1.91  0.33  0.78
-1.12 -0.92   202  0.91  1.79 -0.22  0.55
-0.92 -0.72   571  0.00  2.20 -0.70  0.57
-0.72 -0.52   624  0.00  2.36 -0.79  0.69
-0.52 -0.32   516  0.00  2.31 -0.82  0.79
-0.32 -0.12   367  0.00  2.30 -0.81  0.82
-0.12  0.08   203  0.00  2.03 -0.69  0.82
 0.08  0.28   180  0.02  2.04 -0.54  0.72
 0.28  0.48   151  0.05  2.32 -0.28  0.47
 0.48  0.68   121  0.04  2.39 -0.39  0.49
 0.68  0.88   143  0.07  2.40 -0.39  0.43
 0.88  1.08   138  0.22  2.29 -0.37  0.33
 1.08  1.28    90  0.63  2.21 -0.32  0.25
 1.28  1.48     7  1.76  1.86 -0.14 -0.06
PREP_DONE
