meshes in: [('Mesh_0', 2186516)]
tris before 2186516
  pass -> 218650
  pass -> 21864
  pass -> 7000
tris after 7000
bbox min (-0.89, -1.16, 0.0) max (0.89, 1.16, 2.4)
Z slices: z_from z_to n ymin ymax xmin xmax  (y<0 = 'front' side of view)
 0.00  0.20   303 -0.82  0.64 -0.85  0.49
 0.20  0.40   285 -0.82  0.76 -0.83  0.60
 0.40  0.60   243 -0.80  0.79 -0.82  0.62
 0.60  0.80   266 -1.05  0.79 -0.76  0.65
 0.80  1.00   379 -1.11  1.08 -0.80  0.80
 1.00  1.20   294 -1.16  1.14 -0.85  0.87
 1.20  1.40   293 -1.15  1.16 -0.86  0.89
 1.40  1.60   262 -1.04  1.09 -0.89  0.85
 1.60  1.80   351 -1.00  0.96 -0.85  0.67
 1.80  2.00   332 -0.97 -0.03 -0.83  0.37
 2.00  2.20   370 -0.85 -0.12 -0.83  0.40
 2.20  2.40    59 -0.58 -0.15 -0.32  0.40
 2.40  2.60     1 -0.17 -0.17 -0.25 -0.25
Y slices: y_from y_to n zmin zmax xmin xmax
-1.16 -0.96    56  0.78  1.84 -0.89 -0.16
-0.96 -0.76   309  0.00  2.18 -0.85  0.23
-0.76 -0.56   633  0.00  2.24 -0.82  0.33
-0.56 -0.36   449  0.00  2.26 -0.85  0.34
-0.36 -0.16   515  0.00  2.40 -0.83  0.40
-0.16  0.04   257  0.00  2.35 -0.71  0.33
 0.04  0.24   313  0.02  1.54 -0.52  0.58
 0.24  0.44   239  0.00  1.66 -0.12  0.67
 0.44  0.64   231  0.05  1.72 -0.09  0.80
 0.64  0.84   225  0.20  1.72  0.02  0.88
 0.84  1.04   142  0.88  1.68  0.17  0.89
 1.04  1.24    69  0.87  1.53  0.35  0.81
PREP_DONE
