meshes in: [('Mesh_0', 15000)]
tris before 15000
tris after 15000
bbox min (-1.02, -0.68, 0.0) max (1.02, 0.68, 2.4)
Z slices: z_from z_to n ymin ymax xmin xmax  (y<0 = 'front' side of view)
 0.00  0.20   371 -0.40  0.12 -0.37  0.65
 0.20  0.40   303 -0.34  0.40 -0.50  0.55
 0.40  0.60   337 -0.44  0.51 -0.64  0.56
 0.60  0.80   635 -0.52  0.55 -0.69  0.72
 0.80  1.00   895 -0.66  0.55 -0.89  0.81
 1.00  1.20   802 -0.66  0.66 -1.02  0.89
 1.20  1.40   737 -0.58  0.68 -1.02  1.02
 1.40  1.60   646 -0.62  0.65 -0.99  0.85
 1.60  1.80   760 -0.65  0.58 -0.82  0.85
 1.80  2.00   954 -0.66  0.54 -0.58  0.78
 2.00  2.20   834 -0.68  0.47 -0.55  0.76
 2.20  2.40   186 -0.43  0.33 -0.41  0.73
Y slices: y_from y_to n zmin zmax xmin xmax
-0.68 -0.48   755  0.62  2.17 -0.38  0.75
-0.48 -0.28  2146  0.00  2.26 -0.48  1.02
-0.28 -0.08  1668  0.03  2.40 -0.50  0.85
-0.08  0.12  1192  0.03  2.40 -0.65  0.85
 0.12  0.32   870  0.09  2.35 -0.94  0.76
 0.32  0.52   634  0.35  2.21 -1.02  0.72
 0.52  0.72   195  0.64  1.82 -1.01  0.54
PREP_DONE
