meshes in: [('Mesh_0', 280962)]
tris before 280962
  pass -> 28096
  pass -> 7000
tris after 7000
bbox min (-0.92, -1.0, 0.0) max (0.92, 1.0, 2.4)
Z slices: z_from z_to n ymin ymax xmin xmax  (y<0 = 'front' side of view)
 0.00  0.20   256 -0.72 -0.22 -0.62  0.34
 0.20  0.40   212 -0.74  0.26 -0.63  0.36
 0.40  0.60   148 -0.87  0.47 -0.64  0.48
 0.60  0.80   374 -0.92  0.56 -0.64  0.57
 0.80  1.00   221 -0.93  0.57 -0.62  0.61
 1.00  1.20   381 -0.94  0.83 -0.63  0.76
 1.20  1.40   398 -0.94  0.97 -0.71  0.90
 1.40  1.60   362 -0.91  1.00 -0.92  0.92
 1.60  1.80   328 -0.99  0.98 -0.92  0.92
 1.80  2.00   352 -1.00  0.89 -0.86  0.83
 2.00  2.20   293 -0.88  0.59 -0.69  0.50
 2.20  2.40   170 -0.65 -0.07 -0.42  0.28
 2.40  2.60     1 -0.17 -0.17 -0.28 -0.28
Y slices: y_from y_to n zmin zmax xmin xmax
-1.00 -0.80   522  0.48  2.17 -0.77  0.26
-0.80 -0.60   750  0.00  2.24 -0.92  0.44
-0.60 -0.40   568  0.00  2.29 -0.91  0.64
-0.40 -0.20   507  0.00  2.39 -0.67  0.62
-0.20  0.00   491  0.25  2.40 -0.58  0.45
 0.00  0.20   145  0.34  2.03 -0.31  0.65
 0.20  0.40   116  0.38  2.00 -0.10  0.77
 0.40  0.60   204  0.50  2.02 -0.02  0.91
 0.60  0.80   110  1.12  1.99  0.14  0.92
 0.80  1.00    83  1.17  1.91  0.33  0.90
PREP_DONE
