meshes in: [('Mesh_0', 14999)]
tris before 14999
tris after 14999
bbox min (-0.86, -0.84, 0.0) max (0.86, 0.84, 2.4)
Z slices: z_from z_to n ymin ymax xmin xmax  (y<0 = 'front' side of view)
 0.00  0.20   333 -0.84  0.45 -0.36  0.74
 0.20  0.40   313 -0.67  0.67 -0.49  0.65
 0.40  0.60   325 -0.70  0.73 -0.56  0.66
 0.60  0.80   346 -0.77  0.77 -0.81  0.63
 0.80  1.00   692 -0.79  0.83 -0.86  0.74
 1.00  1.20   566 -0.75  0.84 -0.86  0.74
 1.20  1.40   552 -0.58  0.81 -0.80  0.63
 1.40  1.60   353 -0.78  0.71 -0.68  0.68
 1.60  1.80   547 -0.82  0.10 -0.59  0.86
 1.80  2.00   621 -0.75  0.12 -0.67  0.83
 2.00  2.20   575 -0.70  0.11 -0.80  0.60
 2.20  2.40  2139 -0.62  0.07 -0.84  0.55
 2.40  2.60     1 -0.34 -0.34 -0.31 -0.31
Y slices: y_from y_to n zmin zmax xmin xmax
-0.84 -0.64   614  0.00  2.19 -0.08  0.74
-0.64 -0.44  1082  0.00  2.40 -0.73  0.84
-0.44 -0.24  2339  0.00  2.40 -0.84  0.86
-0.24 -0.04  1851  0.00  2.39 -0.84  0.70
-0.04  0.16   543  0.22  2.35 -0.75  0.63
 0.16  0.36   266  0.21  1.44 -0.64  0.38
 0.36  0.56   272  0.19  1.53 -0.81  0.17
 0.56  0.76   320  0.27  1.52 -0.86  0.03
 0.76  0.96    76  0.77  1.34 -0.81 -0.18
PREP_DONE
