meshes in: [('Mesh_0', 7000)]
tris before 7000
tris after 7000
bbox min (-0.8, -1.01, 0.0) max (0.8, 1.01, 2.4)
Z slices: z_from z_to n ymin ymax xmin xmax  (y<0 = 'front' side of view)
 0.00  0.20   177 -0.53 -0.04 -0.56  0.37
 0.20  0.40   252 -0.56 -0.02 -0.55  0.38
 0.40  0.60   133 -0.64  0.55 -0.55  0.45
 0.60  0.80   704 -0.88  0.67 -0.77  0.54
 0.80  1.00   404 -1.01  0.72 -0.80  0.58
 1.00  1.20   444 -0.83  0.82 -0.74  0.59
 1.20  1.40   213 -0.67  0.94 -0.60  0.75
 1.40  1.60   285 -0.71  1.01 -0.42  0.80
 1.60  1.80   259 -0.78  1.01 -0.52  0.79
 1.80  2.00   193 -0.69  0.93 -0.43  0.71
 2.00  2.20   257 -0.57  0.50 -0.42  0.33
 2.20  2.40    88 -0.30 -0.10 -0.40  0.20
 2.40  2.60     1 -0.15 -0.15  0.17  0.17
Y slices: y_from y_to n zmin zmax xmin xmax
-1.01 -0.81    39  0.74  1.04 -0.80  0.33
-0.81 -0.61   235  0.58  1.87 -0.79  0.39
-0.61 -0.41   801  0.00  2.18 -0.75  0.51
-0.41 -0.21   907  0.00  2.40 -0.69  0.52
-0.21 -0.01   727  0.00  2.40 -0.70  0.50
-0.01  0.19   347  0.45  1.85 -0.50  0.57
 0.19  0.39   110  0.45  1.94 -0.39  0.67
 0.39  0.59    87  0.49  2.00 -0.10  0.77
 0.59  0.79   104  0.67  1.99 -0.06  0.80
 0.79  0.99    50  1.18  1.94  0.10  0.78
 0.99  1.19     3  1.49  1.61  0.43  0.54
PREP_DONE
