meshes in: [('Mesh_0', 622672)]
tris before 622672
  pass -> 62266
  pass -> 7000
tris after 7000
bbox min (-1.2, -0.93, 0.0) max (1.2, 0.93, 2.4)
Z slices: z_from z_to n ymin ymax xmin xmax  (y<0 = 'front' side of view)
 0.00  0.20   136 -0.69  0.48 -0.75 -0.27
 0.20  0.40   264 -0.88  0.66 -0.94  0.35
 0.40  0.60   242 -0.93  0.75 -1.03  0.43
 0.60  0.80   161 -0.77  0.77 -1.03  0.17
 0.80  1.00   124 -0.77  0.76 -1.04  0.09
 1.00  1.20   260 -0.72  0.78 -1.09  0.53
 1.20  1.40   413 -0.73  0.92 -1.19  0.56
 1.40  1.60   367 -0.84  0.93 -1.20  0.49
 1.60  1.80   268 -0.84  0.86 -1.16  1.20
 1.80  2.00   322 -0.66  0.75 -1.01  1.19
 2.00  2.20   362 -0.80  0.29 -0.63  1.10
 2.20  2.40   510 -0.84  0.15 -0.02  0.91
 2.40  2.60     1 -0.36 -0.36  0.37  0.37
Y slices: y_from y_to n zmin zmax xmin xmax
-0.93 -0.73   349  0.20  2.29 -0.58  0.91
-0.73 -0.53   706  0.00  2.37 -1.11  1.12
-0.53 -0.33   591  0.00  2.40 -1.04  1.15
-0.33 -0.13   859  0.05  2.39 -0.66  1.20
-0.13  0.07   335  0.26  2.38 -0.84  1.14
 0.07  0.27   209  0.16  2.23 -1.01  1.04
 0.27  0.47   138  0.14  2.05 -1.11  0.85
 0.47  0.67   132  0.19  1.95 -1.20 -0.25
 0.67  0.87    99  0.40  1.85 -1.19 -0.35
 0.87  1.07    12  1.22  1.52 -1.09 -0.83
PREP_DONE
