meshes in: [('Mesh_0', 320742)]
tris before 320742
tris after 5000
bbox min (-1.22, -1.8, 0.0) max (1.22, 1.8, 2.1)
Z slices: z_from z_to n ymin ymax xmin xmax  (y<0 = 'front' side of view)
 0.00  0.20   350 -1.79  1.73 -0.63  0.73
 0.20  0.40   534 -1.80  1.73 -0.64  0.75
 0.40  0.60   439 -1.78  1.69 -0.65  0.82
 0.60  0.80   185 -1.55  1.69 -0.65  0.82
 0.80  1.00   152 -1.37  1.77 -0.73  0.92
 1.00  1.20   121 -1.11  1.80 -1.00  0.94
 1.20  1.40   144 -1.12  1.79 -1.22  1.00
 1.40  1.60   172 -1.10  1.75 -1.22  1.22
 1.60  1.80   177 -0.98  1.64 -0.99  1.22
 1.80  2.00   186 -0.86  1.72 -0.84  0.92
 2.00  2.20    40 -0.69  1.69 -0.19  0.69
Y slices: y_from y_to n zmin zmax xmin xmax
-1.80 -1.60   143  0.01  0.55 -0.13  0.53
-1.60 -1.40   125  0.00  0.63 -0.19  0.61
-1.40 -1.20   208  0.00  0.94 -0.30  0.60
-1.20 -1.00   257  0.02  1.55 -0.30  0.83
-1.00 -0.80   231  0.23  1.91 -0.82  1.22
-0.80 -0.60   143  0.36  2.03 -1.10  1.21
-0.60 -0.40   112  0.44  2.02 -1.22  1.13
-0.40 -0.20    79  0.38  1.91 -1.19  0.96
-0.20 -0.00   289  0.01  1.85 -0.91  0.80
-0.00  0.20   179  0.01  1.98 -0.64  0.84
 0.20  0.40   104  0.00  2.05 -0.72  0.91
 0.40  0.60    90  0.11  2.09 -0.75  0.94
 0.60  0.80    28  0.33  2.09 -0.75  0.92
 0.80  1.00    28  0.34  2.08 -0.67  0.88
 1.00  1.20    44  0.40  2.04 -0.69  0.89
 1.20  1.40   127  0.01  2.00 -0.69  0.88
 1.40  1.60   186  0.00  2.10 -0.64  0.82
 1.60  1.80   126  0.00  2.07 -0.52  0.72
 1.80  2.00     1  1.09  1.09  0.00  0.00
exported truffle_pig_gray.fbx
PREP_DONE
