meshes in: [('Mesh_0', 14999)]
tris before 14999
tris after 14999
bbox min (-1.03, -0.75, 0.0) max (1.03, 0.75, 2.4)
Z slices: z_from z_to n ymin ymax xmin xmax  (y<0 = 'front' side of view)
 0.00  0.20   352 -0.40  0.16 -0.32  0.74
 0.20  0.40   239 -0.33  0.42 -0.38  0.63
 0.40  0.60   342 -0.42  0.60 -0.56  0.63
 0.60  0.80   553 -0.48  0.65 -0.62  0.77
 0.80  1.00   649 -0.72  0.65 -0.78  0.84
 1.00  1.20   818 -0.73  0.71 -1.01  0.93
 1.20  1.40   687 -0.72  0.75 -1.03  1.03
 1.40  1.60   741 -0.75  0.75 -1.01  0.87
 1.60  1.80   927 -0.70  0.65 -0.89  0.87
 1.80  2.00   849 -0.72  0.48 -0.52  0.83
 2.00  2.20   954 -0.72  0.39 -0.50  0.80
 2.20  2.40   305 -0.65  0.35 -0.34  0.78
 2.40  2.60     1 -0.10 -0.10  0.11  0.11
Y slices: y_from y_to n zmin zmax xmin xmax
-0.75 -0.55   574  0.91  2.23 -0.35  0.83
-0.55 -0.35  1137  0.00  2.25 -0.44  1.03
-0.35 -0.15  1505  0.00  2.39 -0.46  0.87
-0.15  0.05  1255  0.00  2.40 -0.52  0.85
 0.05  0.25  1074  0.01  2.37 -0.92  0.80
 0.25  0.45   997  0.36  2.28 -1.03  0.76
 0.45  0.65   753  0.40  1.85 -1.03  0.59
 0.65  0.85   122  0.75  1.61 -0.94 -0.30
PREP_DONE
