meshes in: [('Mesh_0', 15000)]
tris before 15000
tris after 15000
bbox min (-0.68, -1.42, 0.0) max (0.68, 1.42, 2.4)
Z slices: z_from z_to n ymin ymax xmin xmax  (y<0 = 'front' side of view)
 0.00  0.20   526 -0.53  1.14 -0.57  0.59
 0.20  0.40   295 -0.47  1.23 -0.57  0.62
 0.40  0.60   254 -0.52  1.28 -0.56  0.63
 0.60  0.80   376 -0.80  1.28 -0.58  0.58
 0.80  1.00  1056 -1.34  1.28 -0.67  0.68
 1.00  1.20  1707 -1.42  1.23 -0.66  0.67
 1.20  1.40  1242 -1.28  1.34 -0.52  0.55
 1.40  1.60   381 -0.86  1.39 -0.58  0.60
 1.60  1.80   561 -0.94  1.41 -0.68  0.61
 1.80  2.00   475 -0.93  1.42 -0.57  0.59
 2.00  2.20   405 -0.66  1.40 -0.61  0.57
 2.20  2.40   191 -0.25  1.21 -0.55  0.50
 2.40  2.60     1 -0.05 -0.05  0.46  0.46
Y slices: y_from y_to n zmin zmax xmin xmax
-1.42 -1.22   265  0.97  1.40 -0.38  0.44
-1.22 -1.02   497  0.97  1.39 -0.55  0.54
-1.02 -0.82  1048  0.81  1.86 -0.59  0.56
-0.82 -0.62   870  0.78  2.05 -0.57  0.60
-0.62 -0.42   818  0.03  2.10 -0.63  0.67
-0.42 -0.22   951  0.03  2.23 -0.68  0.68
-0.22 -0.02   660  0.03  2.40 -0.62  0.63
-0.02  0.18   255  0.03  2.30 -0.56  0.60
 0.18  0.38   192  0.03  1.19 -0.55  0.59
 0.38  0.58   396  0.03  2.18 -0.47  0.56
 0.58  0.78   391  0.00  2.30 -0.30  0.55
 0.78  0.98   374  0.00  2.36 -0.23  0.60
 0.98  1.18   389  0.10  2.35 -0.19  0.61
 1.18  1.38   335  0.35  2.22 -0.08  0.57
 1.38  1.58    29  1.54  2.00  0.17  0.50
PREP_DONE
