meshes in: [('Mesh_0', 680508)]
tris before 680508
tris after 6998
bbox min (-1.02, -1.54, 0.0) max (1.02, 1.54, 2.4)
Z slices: z_from z_to n ymin ymax xmin xmax  (y<0 = 'front' side of view)
 0.00  0.20   229 -1.54  1.04 -0.63  0.80
 0.20  0.40   441 -1.54  1.21 -0.93  0.99
 0.40  0.60   408 -1.52  1.27 -0.93  1.02
 0.60  0.80   245 -0.82  1.28 -0.80  1.00
 0.80  1.00   482 -0.71  1.25 -0.73  0.93
 1.00  1.20   300 -0.72  1.42 -0.71  0.94
 1.20  1.40   265 -1.07  1.51 -1.02  0.87
 1.40  1.60   266 -1.02  1.49 -1.01  0.89
 1.60  1.80   323 -0.80  1.54 -0.87  0.91
 1.80  2.00   381 -0.74  1.54 -0.88  0.88
 2.00  2.20    83 -0.57  1.47 -0.53  0.73
 2.20  2.40    51 -0.41  1.27 -0.17  0.62
 2.40  2.60     1  0.98  0.98  0.30  0.30
Y slices: y_from y_to n zmin zmax xmin xmax
-1.54 -1.34   147  0.07  0.49 -0.40  0.05
-1.34 -1.14    57  0.07  0.47 -0.38  0.19
-1.14 -0.94   184  0.08  1.49 -0.66  0.26
-0.94 -0.74   242  0.09  1.82 -0.84  0.41
-0.74 -0.54   645  0.07  2.00 -0.98  0.66
-0.54 -0.34   611  0.09  2.29 -1.01  0.67
-0.34 -0.14   512  0.07  2.24 -1.02  0.70
-0.14  0.06   317  0.06  2.06 -1.00  0.53
 0.06  0.26   284  0.11  1.96 -0.94  0.66
 0.26  0.46   141  0.03  2.11 -0.78  0.93
 0.46  0.66    41  0.00  2.30 -0.37  0.99
 0.66  0.86    46  0.01  2.34 -0.38  1.02
 0.86  1.06    80  0.07  2.40 -0.35  0.95
 1.06  1.26    83  0.25  2.29 -0.26  0.91
 1.26  1.46    61  0.58  2.23 -0.04  0.90
 1.46  1.66    24  1.25  2.04  0.23  0.88
PREP_DONE
