meshes in: [('Mesh_0', 18999)]
tris before 18999
tris after 18999
bbox min (-0.76, -1.03, 0.0) max (0.76, 1.03, 2.4)
Z slices: z_from z_to n ymin ymax xmin xmax  (y<0 = 'front' side of view)
 0.00  0.20   188 -0.45  0.06 -0.51  0.47
 0.20  0.40    39 -0.26  0.04 -0.36  0.33
 0.40  0.60   116 -0.37  0.10 -0.43  0.39
 0.60  0.80   776 -0.99  0.55 -0.61  0.38
 0.80  1.00  1412 -1.02  0.67 -0.73  0.48
 1.00  1.20  1654 -1.03  0.70 -0.76  0.53
 1.20  1.40  1239 -1.01  0.86 -0.71  0.58
 1.40  1.60  1284 -0.98  1.01 -0.63  0.72
 1.60  1.80   421 -0.61  1.03 -0.37  0.76
 1.80  2.00   295 -0.68  0.99 -0.40  0.75
 2.00  2.20   394 -0.54  0.88 -0.33  0.64
 2.20  2.40   314 -0.50  0.08 -0.31  0.28
 2.40  2.60     1 -0.10 -0.10 -0.24 -0.24
Y slices: y_from y_to n zmin zmax xmin xmax
-1.03 -0.83   667  0.67  1.55 -0.74  0.13
-0.83 -0.63  1917  0.69  1.92 -0.76  0.28
-0.63 -0.43  1955  0.02  2.30 -0.68  0.42
-0.43 -0.23  1287  0.00  2.38 -0.69  0.47
-0.23 -0.03  1059  0.00  2.40 -0.54  0.44
-0.03  0.17   659  0.00  2.33 -0.41  0.51
 0.17  0.37   104  0.71  2.08 -0.08  0.58
 0.37  0.57   150  0.71  2.13 -0.09  0.68
 0.57  0.77   192  0.80  2.13  0.01  0.76
 0.77  0.97   109  1.38  2.08  0.17  0.75
 0.97  1.17    34  1.50  1.88  0.34  0.64
PREP_DONE
