meshes in: [('Mesh_0', 15000)]
tris before 15000
tris after 15000
bbox min (-0.86, -1.24, 0.0) max (0.86, 1.24, 2.4)
Z slices: z_from z_to n ymin ymax xmin xmax  (y<0 = 'front' side of view)
 0.00  0.20   207 -0.33  0.43 -0.47  0.35
 0.20  0.40    70 -0.11  0.44 -0.39  0.33
 0.40  0.60   237 -0.21  0.39 -0.45  0.38
 0.60  0.80   343 -0.26  0.69 -0.49  0.47
 0.80  1.00   596 -0.34  0.95 -0.48  0.46
 1.00  1.20   566 -0.60  1.02 -0.38  0.38
 1.20  1.40   650 -0.71  1.02 -0.39  0.52
 1.40  1.60  1143 -1.21  1.14 -0.82  0.85
 1.60  1.80  1302 -1.24  1.21 -0.86  0.86
 1.80  2.00   895 -1.12  1.24 -0.44  0.46
 2.00  2.20   922 -1.12  1.20 -0.43  0.42
 2.20  2.40   410 -0.91  1.07 -0.35  0.37
 2.40  2.60     1 -0.68 -0.68 -0.23 -0.23
Y slices: y_from y_to n zmin zmax xmin xmax
-1.24 -1.04   210  1.50  2.13 -0.42  0.43
-1.04 -0.84   360  1.49  2.30 -0.50  0.46
-0.84 -0.64   514  1.24  2.40 -0.40  0.49
-0.64 -0.44   545  1.11  2.20 -0.51  0.50
-0.44 -0.24   757  0.01  2.08 -0.61  0.61
-0.24 -0.04   675  0.01  1.69 -0.67  0.81
-0.04  0.16   758  0.00  1.75 -0.86  0.86
 0.16  0.36   824  0.00  2.25 -0.82  0.79
 0.36  0.56   670  0.16  2.33 -0.42  0.43
 0.56  0.76   547  0.80  2.35 -0.44  0.44
 0.76  0.96   845  0.82  2.33 -0.44  0.39
 0.96  1.16   540  1.05  2.25 -0.39  0.33
 1.16  1.36    97  1.66  2.06 -0.25  0.14
PREP_DONE
