meshes in: [('Mesh_0', 15000)]
tris before 15000
tris after 15000
bbox min (-1.17, -0.79, 0.0) max (1.17, 0.79, 2.4)
Z slices: z_from z_to n ymin ymax xmin xmax  (y<0 = 'front' side of view)
 0.00  0.20   259 -0.58 -0.02 -0.68  0.55
 0.20  0.40   265 -0.55 -0.01 -0.52  0.88
 0.40  0.60   672 -0.66  0.56 -0.75  1.04
 0.60  0.80  1098 -0.68  0.66 -0.84  1.15
 0.80  1.00  1166 -0.65  0.67 -0.85  1.17
 1.00  1.20   852 -0.62  0.75 -1.13  1.12
 1.20  1.40   718 -0.61  0.79 -1.16  1.01
 1.40  1.60   871 -0.72  0.78 -1.17  0.90
 1.60  1.80   679 -0.79  0.71 -1.09  0.71
 1.80  2.00   453 -0.65  0.52 -0.89  0.72
 2.00  2.20   308 -0.62  0.08 -0.60  0.68
 2.20  2.40   106 -0.45  0.02 -0.60  0.15
 2.40  2.60     1 -0.05 -0.05  0.05  0.05
Y slices: y_from y_to n zmin zmax xmin xmax
-0.79 -0.59   460  0.47  2.10 -0.42  1.03
-0.59 -0.39  2760  0.00  2.21 -0.66  1.16
-0.39 -0.19  1842  0.00  2.33 -0.68  1.17
-0.19  0.01  1049  0.00  2.40 -0.60  1.04
 0.01  0.21   458  0.44  2.31 -0.98  0.23
 0.21  0.41   275  0.42  1.83 -1.13 -0.16
 0.41  0.61   378  0.46  1.82 -1.17 -0.21
 0.61  0.81   226  0.68  1.71 -1.12 -0.38
PREP_DONE
