meshes in: [('Mesh_0', 768694)]
tris before 768694
tris after 7000
bbox min (-0.83, -1.26, 0.0) max (0.83, 1.26, 2.4)
Z slices: z_from z_to n ymin ymax xmin xmax  (y<0 = 'front' side of view)
 0.00  0.20   228 -0.87  0.85 -0.75  0.45
 0.20  0.40   134 -0.80  0.95 -0.79  0.55
 0.40  0.60   121 -1.09  1.07 -0.80  0.53
 0.60  0.80   329 -1.22  1.06 -0.79  0.45
 0.80  1.00   597 -1.26  1.04 -0.83  0.56
 1.00  1.20   523 -1.25  0.99 -0.78  0.82
 1.20  1.40   447 -1.16  1.01 -0.79  0.81
 1.40  1.60   386 -1.14  1.18 -0.82  0.83
 1.60  1.80   268 -1.13  1.26 -0.79  0.83
 1.80  2.00   253 -1.09  1.26 -0.76  0.62
 2.00  2.20   130 -1.10  1.20 -0.67  0.35
 2.20  2.40    57 -0.61  1.03 -0.57  0.28
 2.40  2.60     1  0.70  0.70 -0.32 -0.32
Y slices: y_from y_to n zmin zmax xmin xmax
-1.26 -1.06   601  0.58  2.03 -0.70  0.83
-1.06 -0.86   865  0.06  2.06 -0.81  0.83
-0.86 -0.66   486  0.01  2.17 -0.83  0.56
-0.66 -0.46   399  0.00  2.35 -0.83  0.62
-0.46 -0.26   304  0.01  2.28 -0.80  0.62
-0.26 -0.06   304  0.01  2.17 -0.79  0.58
-0.06  0.14   141  0.17  1.96 -0.73  0.48
 0.14  0.34    72  0.09  2.27 -0.53  0.24
 0.34  0.54    64  0.06  2.37 -0.70  0.11
 0.54  0.74    72  0.06  2.40 -0.76  0.09
 0.74  0.94    72  0.18  2.39 -0.77  0.08
 0.94  1.14    67  0.30  2.24 -0.73 -0.03
 1.14  1.34    27  1.47  2.05 -0.61 -0.20
PREP_DONE
