meshes in: [('Mesh_0', 3044216)]
tris before 3044216
tris after 7000
bbox min (-0.68, -1.43, 0.0) max (0.68, 1.43, 2.4)
Z slices: z_from z_to n ymin ymax xmin xmax  (y<0 = 'front' side of view)
 0.00  0.20   327 -0.49  1.20 -0.63  0.62
 0.20  0.40   186 -0.49  1.36 -0.68  0.68
 0.40  0.60   255 -0.52  1.43 -0.68  0.68
 0.60  0.80   341 -0.78  1.36 -0.62  0.61
 0.80  1.00   397 -1.02  1.34 -0.43  0.63
 1.00  1.20   677 -1.43  1.28 -0.65  0.54
 1.20  1.40   387 -1.23  1.27 -0.62  0.43
 1.40  1.60   234 -1.10  1.37 -0.48  0.48
 1.60  1.80   211 -1.03  1.43 -0.49  0.47
 1.80  2.00   220 -0.90  1.42 -0.49  0.49
 2.00  2.20   180 -0.82  1.35 -0.49  0.46
 2.20  2.40    73 -0.54  1.21 -0.38  0.27
 2.40  2.60     1  0.86  0.86  0.03  0.03
Y slices: y_from y_to n zmin zmax xmin xmax
-1.43 -1.23    62  1.05  1.16 -0.58  0.08
-1.23 -1.03   264  1.02  1.56 -0.65  0.18
-1.03 -0.83   387  0.84  1.90 -0.64  0.45
-0.83 -0.63   295  0.74  2.13 -0.55  0.48
-0.63 -0.43   593  0.00  2.25 -0.55  0.62
-0.43 -0.23   567  0.00  2.19 -0.63  0.65
-0.23 -0.03   259  0.00  2.02 -0.68  0.68
-0.03  0.17   114  0.00  1.23 -0.68  0.68
 0.17  0.37   147  0.00  2.06 -0.61  0.61
 0.37  0.57   211  0.00  2.29 -0.51  0.51
 0.57  0.77   131  0.02  2.37 -0.48  0.46
 0.77  0.97   123  0.02  2.40 -0.49  0.47
 0.97  1.17   116  0.04  2.39 -0.46  0.44
 1.17  1.37   186  0.16  2.24 -0.37  0.39
 1.37  1.57    34  0.42  2.00 -0.08  0.23
PREP_DONE
