meshes in: [('Mesh_0', 14999)]
tris before 14999
tris after 14999
bbox min (-0.72, -0.86, 0.0) max (0.72, 0.86, 2.4)
Z slices: z_from z_to n ymin ymax xmin xmax  (y<0 = 'front' side of view)
 0.00  0.20    64 -0.20  0.28 -0.66  0.31
 0.20  0.40     7  0.00  0.26 -0.51  0.19
 0.40  0.60    69 -0.09  0.56 -0.58  0.25
 0.60  0.80   254 -0.86  0.81 -0.56  0.38
 0.80  1.00  1692 -0.86  0.84 -0.64  0.47
 1.00  1.20  1542 -0.85  0.84 -0.69  0.49
 1.20  1.40   944 -0.52  0.82 -0.72  0.64
 1.40  1.60   375 -0.14  0.86 -0.57  0.72
 1.60  1.80   249 -0.34  0.86 -0.56  0.72
 1.80  2.00   142 -0.36  0.81 -0.55  0.64
 2.00  2.20    83 -0.27  0.47 -0.48  0.12
 2.20  2.40    65 -0.19  0.39 -0.48  0.13
 2.40  2.60     1  0.20  0.20  0.08  0.08
Y slices: y_from y_to n zmin zmax xmin xmax
-0.86 -0.66   954  0.73  1.14 -0.55  0.19
-0.66 -0.46  1009  0.82  1.27 -0.64  0.28
-0.46 -0.26   936  0.89  2.05 -0.67  0.30
-0.26 -0.06  1047  0.00  2.30 -0.72  0.35
-0.06  0.14   364  0.00  2.36 -0.71  0.33
 0.14  0.34   506  0.00  2.40 -0.62  0.43
 0.34  0.54   346  0.59  2.24 -0.51  0.61
 0.54  0.74   214  0.60  1.96 -0.22  0.72
 0.74  0.94   111  0.69  1.90 -0.06  0.71
PREP_DONE
