meshes in: [('Mesh_0', 14999)]
tris before 14999
tris after 14999
bbox min (-1.24, -0.61, 0.0) max (1.24, 0.61, 2.4)
Z slices: z_from z_to n ymin ymax xmin xmax  (y<0 = 'front' side of view)
 0.00  0.20   363 -0.23  0.24 -1.22  0.88
 0.20  0.40   843 -0.37  0.37 -1.24  0.97
 0.40  0.60   628 -0.37  0.37 -1.23  0.92
 0.60  0.80   464 -0.38  0.38 -1.17  0.92
 0.80  1.00   530 -0.38  0.38 -0.95  1.21
 1.00  1.20   946 -0.61  0.61 -0.89  1.08
 1.20  1.40   948 -0.61  0.61 -0.89  1.22
 1.40  1.60   675 -0.47  0.54 -0.74  1.20
 1.60  1.80   804 -0.44  0.57 -0.74  1.24
 1.80  2.00   437 -0.38  0.60 -0.65  1.24
 2.00  2.20   501 -0.35  0.58 -0.51  1.20
 2.20  2.40   272 -0.34  0.41 -0.36  0.99
Y slices: y_from y_to n zmin zmax xmin xmax
-0.61 -0.41   191  1.13  1.75 -0.67 -0.03
-0.41 -0.21  1108  0.19  2.40 -0.85  1.22
-0.21 -0.01  1636  0.00  2.31 -1.24  1.22
-0.01  0.19  2107  0.00  2.29 -1.24  1.19
 0.19  0.39  1672  0.17  2.40 -0.89  1.24
 0.39  0.59   677  1.13  2.21 -0.67  1.23
 0.59  0.79    20  1.16  1.98 -0.57  0.91
PREP_DONE
