band      part   n      Root  Chest   Neck   Head  Tail1  Tail2   x-range
 0.0-0.1  front   85    0.93   0.00   0.00   0.00   0.00   0.00   -0.40.. 0.56
 0.0-0.1  mid    109    0.96   0.00   0.00   0.00   0.01   0.00   -0.45.. 0.50
 0.0-0.1  back    22    0.72   0.00   0.00   0.00   0.28   0.00   -0.35..-0.03
 0.1-0.2  front   40    0.92   0.00   0.00   0.02   0.00   0.00   -0.46.. 0.52
 0.1-0.2  mid     49    0.94   0.00   0.00   0.00   0.01   0.00   -0.49.. 0.55
 0.1-0.2  back    25    0.63   0.00   0.00   0.00   0.37   0.00   -0.43.. 0.30
 0.2-0.3  front   25    0.88   0.00   0.03   0.05   0.00   0.00   -0.46.. 0.51
 0.2-0.3  mid     23    0.92   0.00   0.00   0.01   0.01   0.00   -0.51.. 0.57
 0.2-0.3  back    40    0.68   0.00   0.00   0.00   0.31   0.00   -0.50.. 0.34
 0.3-0.4  front   40    0.78   0.03   0.07   0.10   0.00   0.00   -0.43.. 0.54
 0.3-0.4  mid     17    0.92   0.01   0.01   0.01   0.00   0.00   -0.53.. 0.56
 0.3-0.4  back    32    0.52   0.00   0.00   0.00   0.47   0.00   -0.54.. 0.37
 0.4-0.5  front  134    0.74   0.04   0.09   0.11   0.00   0.00   -0.48.. 0.55
 0.4-0.5  mid     98    0.86   0.04   0.03   0.05   0.00   0.00   -0.54.. 0.60
 0.4-0.5  back    56    0.38   0.00   0.00   0.00   0.61   0.00   -0.56.. 0.34
 0.5-0.6  front  103    0.62   0.06   0.14   0.18   0.00   0.00   -0.45.. 0.45
 0.5-0.6  mid     79    0.90   0.02   0.01   0.02   0.00   0.00   -0.53.. 0.56
 0.5-0.6  back   103    0.81   0.00   0.00   0.00   0.15   0.00   -0.59.. 0.39
 0.6-0.7  front  236    0.52   0.07   0.18   0.23   0.00   0.00   -0.46.. 0.67
 0.6-0.7  mid     27    0.79   0.05   0.06   0.08   0.00   0.00   -0.51.. 0.56
 0.6-0.7  back    36    0.24   0.00   0.00   0.00   0.75   0.00   -0.61.. 0.14
 0.7-0.8  front  173    0.46   0.08   0.20   0.26   0.00   0.00   -0.47.. 0.67
 0.7-0.8  mid     23    0.77   0.07   0.06   0.09   0.00   0.00   -0.47.. 0.56
 0.7-0.8  back    26    0.18   0.01   0.00   0.00   0.81   0.00   -0.61.. 0.21
 0.8-0.9  front  317    0.41   0.08   0.22   0.29   0.00   0.00   -0.46.. 0.64
 0.8-0.9  mid     29    0.55   0.09   0.05   0.09   0.20   0.00   -0.42.. 0.59
 0.8-0.9  back    20    0.04   0.00   0.00   0.00   0.94   0.00   -0.62.. 0.04
 0.9-1.0  front  157    0.28   0.07   0.26   0.39   0.00   0.00   -0.42.. 0.58
 0.9-1.0  mid     32    0.42   0.20   0.06   0.12   0.18   0.00   -0.45.. 0.56
 0.9-1.0  back    25    0.02   0.00   0.00   0.00   0.96   0.00   -0.62.. 0.08
 1.0-1.1  front  123    0.10   0.03   0.27   0.59   0.00   0.00   -0.28.. 0.66
 1.0-1.1  mid     50    0.17   0.23   0.11   0.29   0.19   0.00   -0.51.. 0.45
 1.0-1.1  back    20    0.00   0.00   0.00   0.00   0.97   0.00   -0.60.. 0.10
 1.1-1.2  front   68    0.04   0.02   0.24   0.68   0.00   0.00   -0.26.. 0.70
 1.1-1.2  mid     90    0.07   0.19   0.14   0.40   0.20   0.00   -0.53.. 0.49
 1.1-1.2  back    25    0.00   0.00   0.00   0.00   0.96   0.00   -0.60.. 0.11
 1.2-1.3  front   48    0.01   0.00   0.16   0.80   0.00   0.00   -0.29.. 0.67
 1.2-1.3  mid     51    0.01   0.09   0.15   0.23   0.49   0.02   -0.52.. 0.44
 1.2-1.3  back    21    0.00   0.00   0.00   0.00   0.96   0.02   -0.64.. 0.16
 1.3-1.4  front   35    0.00   0.00   0.12   0.85   0.00   0.00   -0.27.. 0.62
 1.3-1.4  mid     28    0.01   0.03   0.16   0.28   0.47   0.05   -0.57.. 0.51
 1.3-1.4  back    20    0.00   0.00   0.00   0.00   0.93   0.07   -0.67.. 0.20
 1.4-1.5  front   34    0.00   0.01   0.09   0.87   0.00   0.00   -0.17.. 0.62
 1.4-1.5  mid     22    0.00   0.01   0.07   0.32   0.49   0.09   -0.62.. 0.42
 1.4-1.5  back    38    0.00   0.00   0.00   0.00   0.88   0.12   -0.70.. 0.25
BANDS_DONE
