meshes in: [('Mesh_0', 3034916)]
tris before 3034916
tris after 7000
bbox min (-0.7, -0.98, 0.0) max (0.7, 0.98, 2.4)
Z slices: z_from z_to n ymin ymax xmin xmax  (y<0 = 'front' side of view)
 0.00  0.20   330 -0.60  0.77 -0.49  0.56
 0.20  0.40   177 -0.53  0.82 -0.54  0.57
 0.40  0.60   573 -0.76  0.87 -0.59  0.60
 0.60  0.80   521 -0.83  0.90 -0.61  0.67
 0.80  1.00   580 -0.85  0.90 -0.62  0.64
 1.00  1.20   376 -0.98  0.84 -0.60  0.70
 1.20  1.40   203 -0.91  0.94 -0.67  0.67
 1.40  1.60   202 -0.88  0.98 -0.70  0.66
 1.60  1.80   207 -0.73  0.98 -0.70  0.68
 1.80  2.00   157 -0.63  0.97 -0.69  0.62
 2.00  2.20    80 -0.48  0.92 -0.66  0.21
 2.20  2.40    77  0.12  0.80 -0.51  0.08
Y slices: y_from y_to n zmin zmax xmin xmax
-0.98 -0.78   137  0.70  1.60 -0.24  0.49
-0.78 -0.58   603  0.03  1.92 -0.46  0.68
-0.58 -0.38   928  0.00  2.01 -0.47  0.70
-0.38 -0.18   399  0.00  1.84 -0.52  0.63
-0.18  0.02   254  0.00  2.03 -0.54  0.60
 0.02  0.22   276  0.00  2.28 -0.58  0.57
 0.22  0.42   344  0.02  2.39 -0.68  0.48
 0.42  0.62   183  0.02  2.40 -0.70  0.28
 0.62  0.82   214  0.06  2.30 -0.69  0.21
 0.82  1.02   145  0.32  2.18 -0.56  0.06
PREP_DONE
