meshes in: [('Mesh_0', 3033648)]
tris before 3033648
tris after 7000
bbox min (-1.24, -1.43, 0.0) max (1.24, 1.43, 2.4)
Z slices: z_from z_to n ymin ymax xmin xmax  (y<0 = 'front' side of view)
 0.00  0.20   606 -1.43  1.10 -1.24  1.24
 0.20  0.40   255 -0.51  1.25 -1.13  1.05
 0.40  0.60   159 -0.54  1.30 -0.95  0.97
 0.60  0.80   286 -0.59  1.33 -0.85  0.86
 0.80  1.00   395 -0.67  1.32 -0.72  0.78
 1.00  1.20   413 -0.64  1.25 -0.70  0.72
 1.20  1.40   321 -0.97  1.29 -0.52  0.51
 1.40  1.60   320 -1.09  1.41 -0.48  0.59
 1.60  1.80   232 -0.97  1.42 -0.49  0.59
 1.80  2.00   237 -0.88  1.43 -0.48  0.56
 2.00  2.20   198 -0.81  1.38 -0.43  0.52
 2.20  2.40    65 -0.49  1.22 -0.32  0.44
 2.40  2.60     1  0.87  0.87 -0.05 -0.05
Y slices: y_from y_to n zmin zmax xmin xmax
-1.43 -1.23    49  0.00  0.20 -0.52  0.52
-1.23 -1.03    48  0.00  1.58 -0.53  0.53
-1.03 -0.83   176  0.00  1.96 -0.52  0.55
-0.83 -0.63   196  0.00  2.16 -0.62  0.73
-0.63 -0.43   743  0.00  2.20 -0.75  1.24
-0.43 -0.23   711  0.00  2.32 -1.20  1.23
-0.23 -0.03   432  0.01  2.12 -1.24  0.76
-0.03  0.17   300  0.00  1.85 -0.62  0.68
 0.17  0.37   123  0.00  1.24 -0.59  0.60
 0.37  0.57   164  0.00  2.29 -0.51  0.53
 0.57  0.77   151  0.00  2.36 -0.49  0.52
 0.77  0.97   118  0.11  2.40 -0.46  0.32
 0.97  1.17   125  0.15  2.39 -0.49  0.27
 1.17  1.37   127  0.27  2.22 -0.49  0.15
 1.37  1.57    25  1.49  2.03 -0.39 -0.10
PREP_DONE
