meshes in: [('Mesh_0', 14999)]
tris before 14999
tris after 14999
bbox min (-0.7, -0.54, 0.0) max (0.7, 0.54, 2.4)
Z slices: z_from z_to n ymin ymax xmin xmax  (y<0 = 'front' side of view)
 0.00  0.20   537 -0.35  0.48 -0.45  0.46
 0.20  0.40   673 -0.26  0.54 -0.38  0.37
 0.40  0.60   400 -0.33  0.53 -0.37  0.42
 0.60  0.80   370 -0.40  0.54 -0.54  0.43
 0.80  1.00   568 -0.47  0.21 -0.29  0.52
 1.00  1.20   912 -0.54  0.14 -0.32  0.54
 1.20  1.40   644 -0.47  0.17 -0.26  0.47
 1.40  1.60   466 -0.45  0.16 -0.46  0.33
 1.60  1.80   720 -0.50  0.26 -0.62  0.69
 1.80  2.00   918 -0.52  0.29 -0.70  0.70
 2.00  2.20   707 -0.44  0.33 -0.70  0.65
 2.20  2.40   560 -0.48  0.25 -0.59  0.63
 2.40  2.60     1 -0.17 -0.17  0.05  0.05
Y slices: y_from y_to n zmin zmax xmin xmax
-0.54 -0.34  1285  0.02  2.34 -0.55  0.49
-0.34 -0.14  2132  0.00  2.40 -0.45  0.70
-0.14  0.06  2063  0.00  2.39 -0.70  0.54
 0.06  0.26  1649  0.01  2.36 -0.70  0.65
 0.26  0.46   209  0.14  2.19 -0.37  0.17
 0.46  0.66   138  0.18  0.79 -0.54 -0.26
PREP_DONE
