meshes in: [('Mesh_0', 14999)]
tris before 14999
tris after 14999
bbox min (-0.76, -0.97, 0.0) max (0.76, 0.97, 2.4)
Z slices: z_from z_to n ymin ymax xmin xmax  (y<0 = 'front' side of view)
 0.00  0.20   242 -0.50  0.51 -0.22  0.31
 0.20  0.40   251 -0.41  0.54 -0.60  0.52
 0.40  0.60   299 -0.49  0.64 -0.66  0.76
 0.60  0.80   320 -0.49  0.68 -0.61  0.69
 0.80  1.00   366 -0.48  0.66 -0.65  0.57
 1.00  1.20   847 -0.79  0.88 -0.70  0.53
 1.20  1.40  1665 -0.89  0.96 -0.76  0.60
 1.40  1.60  1711 -0.97  0.97 -0.76  0.57
 1.60  1.80   445 -0.27  0.94 -0.74  0.26
 1.80  2.00   554 -0.35  0.80 -0.63  0.35
 2.00  2.20   518 -0.35  0.33 -0.49  0.33
 2.20  2.40   232 -0.12  0.42 -0.45  0.18
 2.40  2.60     1  0.40  0.40  0.04  0.04
Y slices: y_from y_to n zmin zmax xmin xmax
-0.97 -0.77   404  1.14  1.56 -0.46  0.47
-0.77 -0.57   612  1.12  1.58 -0.54  0.57
-0.57 -0.37  1049  0.07  1.58 -0.61  0.56
-0.37 -0.17  1284  0.03  2.15 -0.58  0.69
-0.17  0.03  1124  0.00  2.26 -0.60  0.76
 0.03  0.23  1101  0.24  2.38 -0.66  0.75
 0.23  0.43   784  0.06  2.40 -0.65  0.69
 0.43  0.63   631  0.08  1.93 -0.74  0.53
 0.63  0.83   312  0.59  1.93 -0.76  0.29
 0.83  1.03   150  1.14  1.77 -0.74 -0.19
PREP_DONE
