meshes in: [('Mesh_0', 14999)]
tris before 14999
tris after 14999
bbox min (-0.99, -0.76, 0.0) max (0.99, 0.76, 2.4)
Z slices: z_from z_to n ymin ymax xmin xmax  (y<0 = 'front' side of view)
 0.00  0.20   722 -0.57  0.25 -0.49  0.99
 0.20  0.40   702 -0.36  0.59 -0.64  0.78
 0.40  0.60   514 -0.34  0.71 -0.78  0.76
 0.60  0.80   546 -0.40  0.75 -0.83  0.74
 0.80  1.00   755 -0.41  0.76 -0.83  0.77
 1.00  1.20   856 -0.70  0.74 -0.91  0.86
 1.20  1.40   964 -0.74  0.73 -0.98  0.88
 1.40  1.60   685 -0.76  0.73 -0.99  0.84
 1.60  1.80   497 -0.54  0.64 -0.94  0.63
 1.80  2.00   613 -0.51  0.57 -0.80  0.75
 2.00  2.20   377 -0.55  0.30 -0.22  0.57
 2.20  2.40   212 -0.46  0.26 -0.19  0.51
 2.40  2.60     1  0.16  0.16  0.24  0.24
Y slices: y_from y_to n zmin zmax xmin xmax
-0.76 -0.56   279  0.05  1.59 -0.39  0.84
-0.56 -0.36   801  0.00  2.21 -0.49  0.88
-0.36 -0.16  1977  0.00  2.26 -0.49  0.99
-0.16  0.04  1472  0.00  2.33 -0.53  0.98
 0.04  0.24  1571  0.00  2.40 -0.86  0.84
 0.24  0.44   644  0.01  2.22 -0.99  0.51
 0.44  0.64   471  0.31  1.89 -0.96  0.01
 0.64  0.84   229  0.47  1.59 -0.72 -0.19
PREP_DONE
