meshes in: [('Mesh_0', 536236)]
tris before 536236
tris after 7000
bbox min (-1.06, -0.69, 0.0) max (1.06, 0.69, 2.4)
Z slices: z_from z_to n ymin ymax xmin xmax  (y<0 = 'front' side of view)
 0.00  0.20   371 -0.52  0.06 -0.43  0.98
 0.20  0.40   186 -0.49  0.57 -0.76  0.89
 0.40  0.60   176 -0.58  0.68 -0.88  0.90
 0.60  0.80   177 -0.61  0.69 -0.94  0.91
 0.80  1.00   428 -0.60  0.69 -0.94  1.04
 1.00  1.20   484 -0.57  0.65 -0.88  1.06
 1.20  1.40   337 -0.57  0.66 -0.85  0.93
 1.40  1.60   267 -0.68  0.65 -1.00  0.94
 1.60  1.80   297 -0.69  0.69 -1.06  0.93
 1.80  2.00   312 -0.64  0.68 -1.06  0.90
 2.00  2.20   287 -0.64  0.64 -1.00  0.93
 2.20  2.40   171 -0.45  0.53 -0.90  0.88
 2.40  2.60     1  0.31  0.31 -0.52 -0.52
Y slices: y_from y_to n zmin zmax xmin xmax
-0.69 -0.49   435  0.01  2.10 -0.25  0.79
-0.49 -0.29   833  0.00  2.30 -0.41  0.97
-0.29 -0.09   760  0.00  2.38 -0.43  1.06
-0.09  0.11   488  0.00  2.27 -0.62  0.98
 0.11  0.31   489  0.26  2.39 -0.89  0.78
 0.31  0.51   347  0.22  2.40 -1.06  0.51
 0.51  0.71   142  0.30  2.26 -1.05 -0.07
PREP_DONE
