meshes in: [('Mesh_0', 815200)]
tris before 815200
tris after 7000
bbox min (-1.39, -0.88, 0.0) max (1.39, 0.88, 2.4)
Z slices: z_from z_to n ymin ymax xmin xmax  (y<0 = 'front' side of view)
 0.00  0.20   309 -0.64  0.72 -1.10  1.33
 0.20  0.40   315 -0.70  0.75 -1.24  1.32
 0.40  0.60   566 -0.77  0.74 -1.32  1.39
 0.60  0.80   485 -0.88  0.78 -1.34  1.38
 0.80  1.00   424 -0.83  0.68 -1.31  1.10
 1.00  1.20   491 -0.74  0.81 -1.28  1.05
 1.20  1.40   237 -0.67  0.82 -1.23  0.81
 1.40  1.60   158 -0.62  0.85 -1.35  0.72
 1.60  1.80   191 -0.75  0.88 -1.36  0.68
 1.80  2.00   198 -0.74  0.87 -1.39  0.75
 2.00  2.20    72 -0.42  0.85 -1.32  0.67
 2.20  2.40    39  0.02  0.71 -1.20  0.39
 2.40  2.60     1  0.53  0.53 -0.83 -0.83
Y slices: y_from y_to n zmin zmax xmin xmax
-0.88 -0.68   162  0.32  1.90 -0.40  1.14
-0.68 -0.48   587  0.00  1.99 -0.71  1.12
-0.48 -0.28   920  0.01  2.15 -0.66  1.30
-0.28 -0.08   559  0.00  2.16 -0.75  1.36
-0.08  0.12   406  0.00  2.26 -0.78  1.39
 0.12  0.32   332  0.00  2.21 -1.10  0.73
 0.32  0.52   231  0.00  2.37 -1.33  0.63
 0.52  0.72   221  0.00  2.40 -1.39  0.42
 0.72  0.92    68  0.19  2.16 -1.31  0.20
PREP_DONE
