meshes in: [('Mesh_0', 3066300)]
tris before 3066300
tris after 7000
bbox min (-0.84, -1.4, 0.0) max (0.84, 1.4, 2.4)
Z slices: z_from z_to n ymin ymax xmin xmax  (y<0 = 'front' side of view)
 0.00  0.20   461 -0.92  1.00 -0.53  0.79
 0.20  0.40   205 -0.80  1.17 -0.59  0.83
 0.40  0.60   221 -0.82  1.20 -0.60  0.84
 0.60  0.80   319 -0.99  1.21 -0.51  0.74
 0.80  1.00   265 -1.19  1.19 -0.40  0.76
 1.00  1.20   342 -1.38  1.18 -0.65  0.79
 1.20  1.40   442 -1.40  1.31 -0.78  0.82
 1.40  1.60   301 -1.35  1.36 -0.84  0.74
 1.60  1.80   294 -1.32  1.40 -0.79  0.68
 1.80  2.00   248 -1.12  1.38 -0.38  0.61
 2.00  2.20   217 -0.93  1.31 -0.38  0.64
 2.20  2.40   179 -0.89  1.03 -0.32  0.62
 2.40  2.60     1 -0.52 -0.52  0.53  0.53
Y slices: y_from y_to n zmin zmax xmin xmax
-1.40 -1.20   162  1.02  1.70 -0.22  0.82
-1.20 -1.00   245  0.81  1.97 -0.33  0.76
-1.00 -0.80   472  0.00  2.31 -0.42  0.74
-0.80 -0.60   587  0.00  2.36 -0.80  0.74
-0.60 -0.40   534  0.00  2.40 -0.84  0.84
-0.40 -0.20   289  0.00  2.34 -0.59  0.84
-0.20  0.00   158  0.00  1.83 -0.54  0.80
 0.00  0.20   144  0.07  0.78 -0.39  0.65
 0.20  0.40    72  0.03  1.98 -0.07  0.49
 0.40  0.60   152  0.02  2.23 -0.17  0.53
 0.60  0.80   120  0.03  2.32 -0.22  0.56
 0.80  1.00   166  0.09  2.32 -0.22  0.55
 1.00  1.20   267  0.22  2.22 -0.21  0.47
 1.20  1.40   127  0.65  2.09 -0.17  0.32
PREP_DONE
