meshes in: [('Mesh_0', 14999)]
tris before 14999
tris after 14999
bbox min (-0.76, -0.93, 0.0) max (0.76, 0.93, 2.4)
Z slices: z_from z_to n ymin ymax xmin xmax  (y<0 = 'front' side of view)
 0.00  0.20   319 -0.81 -0.34 -0.18  0.63
 0.20  0.40   575 -0.68  0.48 -0.27  0.61
 0.40  0.60   955 -0.79  0.68 -0.43  0.71
 0.60  0.80   899 -0.79  0.74 -0.48  0.75
 0.80  1.00   649 -0.79  0.75 -0.48  0.74
 1.00  1.20   792 -0.79  0.88 -0.72  0.69
 1.20  1.40   854 -0.74  0.93 -0.76  0.63
 1.40  1.60   814 -0.91  0.92 -0.75  0.71
 1.60  1.80   799 -0.93  0.85 -0.66  0.76
 1.80  2.00   345 -0.84  0.58 -0.38  0.68
 2.00  2.20   343 -0.90 -0.14 -0.24  0.69
 2.20  2.40    84 -0.71 -0.34 -0.12  0.58
 2.40  2.60     1 -0.64 -0.64  0.21  0.21
Y slices: y_from y_to n zmin zmax xmin xmax
-0.93 -0.73   673  0.00  2.10 -0.37  0.76
-0.73 -0.53  1368  0.00  2.40 -0.40  0.73
-0.53 -0.33   673  0.00  2.31 -0.26  0.75
-0.33 -0.13   670  0.24  2.18 -0.24  0.69
-0.13  0.07   486  0.32  2.00 -0.25  0.54
 0.07  0.27   832  0.28  1.69 -0.45  0.27
 0.27  0.47   867  0.29  1.80 -0.62  0.25
 0.47  0.67  1086  0.39  1.82 -0.75  0.22
 0.67  0.87   701  0.60  1.77 -0.76  0.07
 0.87  1.07    73  1.16  1.55 -0.65 -0.36
PREP_DONE
