meshes in: [('Mesh_0', 3051470)]
tris before 3051470
tris after 6998
bbox min (-0.71, -1.36, 0.0) max (0.71, 1.36, 2.4)
Z slices: z_from z_to n ymin ymax xmin xmax  (y<0 = 'front' side of view)
 0.00  0.20   306 -0.68  1.06 -0.64  0.50
 0.20  0.40   190 -0.59  1.23 -0.71  0.58
 0.40  0.60   193 -0.68  1.29 -0.69  0.57
 0.60  0.80   513 -1.35  1.28 -0.60  0.71
 0.80  1.00   580 -1.25  1.27 -0.63  0.70
 1.00  1.20   296 -0.91  1.23 -0.58  0.60
 1.20  1.40   434 -1.29  1.30 -0.52  0.40
 1.40  1.60   296 -1.36  1.36 -0.58  0.46
 1.60  1.80   200 -1.25  1.36 -0.54  0.47
 1.80  2.00   241 -1.12  1.32 -0.48  0.44
 2.00  2.20   143 -0.94  1.22 -0.48  0.41
 2.20  2.40   107 -0.89  1.10 -0.35  0.29
Y slices: y_from y_to n zmin zmax xmin xmax
-1.36 -1.16   209  0.67  1.79 -0.42  0.56
-1.16 -0.96   322  0.65  1.94 -0.56  0.69
-0.96 -0.76   422  0.65  2.29 -0.62  0.71
-0.76 -0.56   383  0.00  2.19 -0.63  0.68
-0.56 -0.36   292  0.01  1.80 -0.68  0.65
-0.36 -0.16   254  0.01  1.42 -0.71  0.58
-0.16  0.04   158  0.01  1.42 -0.69  0.57
 0.04  0.24   116  0.02  1.07 -0.63  0.51
 0.24  0.44   267  0.09  2.09 -0.51  0.40
 0.44  0.64   256  0.02  2.30 -0.47  0.31
 0.64  0.84   243  0.01  2.40 -0.48  0.44
 0.84  1.04   193  0.04  2.40 -0.47  0.47
 1.04  1.24   288  0.15  2.27 -0.42  0.45
 1.24  1.44    96  0.41  1.96 -0.29  0.33
PREP_DONE
