meshes in: [('Mesh_0', 7359)]
tris before 7359
tris after 7359
bbox min (-0.94, -1.4, 0.0) max (0.94, 1.4, 2.4)
Z slices: z_from z_to n ymin ymax xmin xmax  (y<0 = 'front' side of view)
 0.00  0.20     1 -0.04 -0.04  0.10  0.10
 0.20  0.40     1 -0.20 -0.20 -0.55 -0.55
 0.40  0.60   276 -1.30 -0.66 -0.73  0.04
 0.60  0.80   237 -1.40 -0.15 -0.83  0.61
 0.80  1.00   300 -1.37  0.08 -0.90  0.67
 1.00  1.20   527 -1.40 -0.03 -0.94  0.67
 1.20  1.40   326 -1.36  0.00 -0.89  0.57
 1.40  1.60   340 -1.36  0.93 -0.80  0.84
 1.60  1.80   258 -1.33 -0.04 -0.61  0.52
 1.80  2.00    43 -0.33  1.40 -0.26  0.76
 2.00  2.20     2 -0.54  0.29 -0.05  0.17
 2.20  2.40     1  1.27  1.27  0.94  0.94
 2.40  2.60     1  0.21  0.21  0.73  0.73
Y slices: y_from y_to n zmin zmax xmin xmax
-1.40 -1.20   199  0.49  1.68 -0.57  0.26
-1.20 -1.00   590  0.49  1.65 -0.94  0.30
-1.00 -0.80   747  0.51  1.65 -0.88  0.45
-0.80 -0.60   510  0.52  1.65 -0.82  0.67
-0.60 -0.40   120  0.80  2.10 -0.83  0.56
-0.40 -0.20     7  0.76  1.86  0.46  0.64
-0.20 -0.00   128  0.00  1.83 -0.55  0.67
-0.00  0.20     2  0.85  1.37  0.48  0.48
 0.20  0.40     2  2.09  2.40  0.17  0.73
 0.80  1.00     1  1.40  1.40  0.84  0.84
 1.20  1.40     6  1.89  2.20  0.74  0.94
 1.40  1.60     1  1.86  1.86  0.74  0.74
PREP_DONE
