meshes in: [('Mesh_0', 969914)]
tris before 969914
tris after 7000
bbox min (-1.11, -0.97, 0.0) max (1.11, 0.97, 2.4)
Z slices: z_from z_to n ymin ymax xmin xmax  (y<0 = 'front' side of view)
 0.00  0.20   543 -0.66  0.61 -0.68  0.87
 0.20  0.40   197 -0.55  0.75 -0.66  0.97
 0.40  0.60   135 -0.50  0.80 -0.65  1.07
 0.60  0.80   137 -0.54  0.85 -0.58  1.05
 0.80  1.00   248 -0.57  0.78 -1.07  1.03
 1.00  1.20   559 -0.55  0.86 -1.11  0.94
 1.20  1.40   449 -0.82  0.90 -1.11  1.06
 1.40  1.60   251 -0.88  0.95 -0.87  1.08
 1.60  1.80   347 -0.89  0.97 -1.02  1.11
 1.80  2.00   276 -0.97  0.94 -0.99  1.10
 2.00  2.20   233 -0.86  0.91 -0.83  1.01
 2.20  2.40    68 -0.29  0.77 -0.60  0.85
 2.40  2.60     1  0.07  0.07 -0.08 -0.08
Y slices: y_from y_to n zmin zmax xmin xmax
-0.97 -0.77    79  1.35  2.09 -0.70  0.18
-0.77 -0.57   152  0.00  2.08 -0.86  0.44
-0.57 -0.37   754  0.00  2.17 -1.09  0.55
-0.37 -0.17   930  0.00  2.30 -1.11  0.76
-0.17  0.03   704  0.00  2.39 -1.01  0.85
 0.03  0.23   495  0.02  2.40 -0.94  0.83
 0.23  0.43   169  0.02  2.28 -0.70  1.03
 0.43  0.63    73  0.05  2.34  0.04  1.07
 0.63  0.83    58  0.25  2.33  0.13  1.11
 0.83  1.03    30  0.67  2.14  0.43  1.07
PREP_DONE
