meshes in: [('Mesh_0', 14999)]
tris before 14999
tris after 14999
bbox min (-1.06, -0.89, 0.0) max (1.06, 0.89, 2.4)
Z slices: z_from z_to n ymin ymax xmin xmax  (y<0 = 'front' side of view)
 0.00  0.20   301 -0.17  0.34 -0.57  0.79
 0.20  0.40   312 -0.11  0.70 -0.68  0.63
 0.40  0.60   355 -0.68  0.82 -0.86  0.77
 0.60  0.80   924 -0.84  0.88 -0.91  0.83
 0.80  1.00  1377 -0.89  0.89 -0.92  0.72
 1.00  1.20   674 -0.87  0.88 -0.99  0.61
 1.20  1.40   767 -0.83  0.89 -1.06  0.62
 1.40  1.60   546 -0.26  0.88 -1.06  0.81
 1.60  1.80   676 -0.39  0.85 -1.00  0.87
 1.80  2.00   698 -0.39  0.73 -0.84  0.94
 2.00  2.20   560 -0.34  0.46 -0.36  1.06
 2.20  2.40   287 -0.33  0.45 -0.31  1.00
Y slices: y_from y_to n zmin zmax xmin xmax
-0.89 -0.69   715  0.60  1.33 -0.32  0.27
-0.69 -0.49   486  0.59  1.35 -0.37  0.32
-0.49 -0.29   543  0.59  2.23 -0.36  0.31
-0.29 -0.09  1390  0.00  2.29 -0.52  0.68
-0.09  0.11  1236  0.00  2.29 -0.57  1.06
 0.11  0.31  1342  0.00  2.37 -0.74  1.06
 0.31  0.51   987  0.02  2.40 -1.01  0.76
 0.51  0.71   390  0.29  1.94 -1.06  0.04
 0.71  0.91   388  0.42  1.84 -0.96 -0.11
PREP_DONE
