band      part   n      Root  Chest   Neck   Head  Tail1  Tail2   x-range
 0.0-0.1  front   27    1.00   0.00   0.00   0.00   0.00   0.00   -0.03.. 0.06
 0.0-0.1  back    24    0.98   0.00   0.00   0.00   0.00   0.00   -0.03.. 0.06
 0.1-0.2  front   39    1.00   0.00   0.00   0.00   0.00   0.00   -0.03.. 0.05
 0.1-0.2  mid     66    0.98   0.00   0.00   0.00   0.00   0.00   -0.03.. 0.36
 0.1-0.2  back    43    0.98   0.00   0.00   0.00   0.00   0.00   -0.03.. 0.06
 0.2-0.3  front   43    1.00   0.00   0.00   0.00   0.00   0.00   -0.03.. 0.05
 0.2-0.3  mid    138    0.98   0.00   0.00   0.00   0.00   0.00   -0.09.. 0.34
 0.2-0.3  back    62    0.98   0.00   0.00   0.00   0.00   0.00   -0.07.. 0.06
 0.3-0.4  front   75    1.00   0.00   0.00   0.00   0.00   0.00   -0.06.. 0.08
 0.3-0.4  mid    146    0.98   0.00   0.00   0.00   0.00   0.00   -0.13.. 0.34
 0.3-0.4  back   130    0.97   0.00   0.00   0.00   0.00   0.00   -0.10.. 0.12
 0.4-0.5  front   64    1.00   0.00   0.00   0.00   0.00   0.00   -0.07.. 0.08
 0.4-0.5  mid    170    0.98   0.00   0.00   0.00   0.00   0.00   -0.34.. 0.33
 0.4-0.5  back   105    0.98   0.00   0.00   0.00   0.00   0.00   -0.10.. 0.13
 0.5-0.6  front   44    1.00   0.00   0.00   0.00   0.00   0.00   -0.26.. 0.10
 0.5-0.6  mid     68    0.98   0.00   0.00   0.00   0.00   0.00   -0.34.. 0.37
 0.5-0.6  back    37    0.98   0.00   0.00   0.00   0.00   0.00   -0.09.. 0.08
 0.6-0.7  front   49    1.00   0.00   0.00   0.00   0.00   0.00   -0.11.. 0.13
 0.6-0.7  mid     84    0.98   0.00   0.00   0.00   0.00   0.00   -0.32.. 0.38
 0.6-0.7  back    39    0.98   0.00   0.00   0.00   0.00   0.00   -0.03.. 0.11
 0.7-0.8  front   45    1.00   0.00   0.00   0.00   0.00   0.00   -0.10.. 0.13
 0.7-0.8  mid     95    0.98   0.00   0.00   0.00   0.00   0.00   -0.34.. 0.39
 0.7-0.8  back    17    0.99   0.00   0.00   0.00   0.00   0.00   -0.12.. 0.17
 0.8-0.9  front   11    1.00   0.00   0.00   0.00   0.00   0.00   -0.03.. 0.06
 0.8-0.9  mid     43    0.86   0.00   0.00   0.00   0.11   0.00   -0.35.. 0.39
 0.8-0.9  back    32    0.09   0.04   0.00   0.00   0.85   0.00   -0.13.. 0.20
 0.9-1.0  front  105    1.00   0.00   0.00   0.00   0.00   0.00   -0.54.. 0.54
 0.9-1.0  mid     46    0.25   0.68   0.00   0.00   0.05   0.00   -0.35.. 0.39
 0.9-1.0  back    30    0.01   0.03   0.00   0.00   0.93   0.00   -0.19.. 0.21
 1.0-1.1  front  128    1.00   0.00   0.00   0.00   0.00   0.00   -0.53.. 0.54
 1.0-1.1  mid     48    0.17   0.70   0.03   0.02   0.06   0.00   -0.36.. 0.37
 1.0-1.1  back    23    0.01   0.07   0.00   0.00   0.89   0.00   -0.21.. 0.24
 1.1-1.2  front   63    0.52   0.19   0.14   0.15   0.00   0.00   -0.41.. 0.42
 1.1-1.2  mid     36    0.08   0.67   0.07   0.07   0.09   0.00   -0.39.. 0.36
 1.1-1.2  back    31    0.01   0.17   0.00   0.00   0.80   0.01   -0.27.. 0.29
 1.2-1.3  front   82    0.01   0.09   0.29   0.59   0.00   0.00   -0.36.. 0.41
 1.2-1.3  mid     36    0.03   0.62   0.15   0.13   0.05   0.00   -0.35.. 0.39
 1.2-1.3  back    23    0.00   0.00   0.00   0.00   0.96   0.03   -0.28.. 0.31
 1.3-1.4  front   65    0.00   0.06   0.18   0.74   0.00   0.00   -0.36.. 0.35
 1.3-1.4  mid     24    0.00   0.49   0.26   0.20   0.02   0.00   -0.34.. 0.37
 1.3-1.4  back    28    0.00   0.00   0.00   0.00   0.94   0.05   -0.29.. 0.32
 1.4-1.5  front   61    0.00   0.01   0.07   0.91   0.00   0.00   -0.37.. 0.46
 1.4-1.5  mid     31    0.00   0.37   0.30   0.25   0.06   0.00   -0.34.. 0.32
 1.4-1.5  back    30    0.00   0.00   0.00   0.00   0.88   0.12   -0.29.. 0.33
BANDS_DONE
