meshes in: [('Mesh_0', 3058400)]
tris before 3058400
tris after 7000
bbox min (-0.54, -1.18, 0.0) max (0.54, 1.18, 2.4)
Z slices: z_from z_to n ymin ymax xmin xmax  (y<0 = 'front' side of view)
 0.00  0.20   199 -1.10  0.91 -0.03  0.36
 0.20  0.40   594 -1.18  0.95 -0.13  0.34
 0.40  0.60   488 -1.17  0.95 -0.34  0.37
 0.60  0.80   329 -1.06  0.84 -0.34  0.39
 0.80  1.00   267 -0.72  0.86 -0.54  0.54
 1.00  1.20   329 -0.74  0.93 -0.53  0.54
 1.20  1.40   258 -0.86  0.95 -0.36  0.41
 1.40  1.60   217 -0.91  1.06 -0.37  0.50
 1.60  1.80   208 -0.83  1.13 -0.37  0.49
 1.80  2.00   302 -0.82  1.18 -0.35  0.46
 2.00  2.20   142 -0.68  1.15 -0.35  0.45
 2.20  2.40    55 -0.54  0.97 -0.27  0.37
 2.40  2.60     1  0.63  0.63  0.01  0.01
Y slices: y_from y_to n zmin zmax xmin xmax
-1.18 -0.98    68  0.05  0.68 -0.03  0.06
-0.98 -0.78   171  0.00  1.90 -0.23  0.34
-0.78 -0.58   513  0.00  2.12 -0.54  0.54
-0.58 -0.38   395  0.06  2.24 -0.41  0.49
-0.38 -0.18   356  0.18  2.22 -0.41  0.46
-0.18  0.02   544  0.14  2.05 -0.35  0.39
 0.02  0.22   328  0.21  2.01 -0.34  0.39
 0.22  0.42   349  0.05  2.32 -0.30  0.34
 0.42  0.62   296  0.00  2.39 -0.31  0.34
 0.62  0.82   200  0.00  2.40 -0.29  0.32
 0.82  1.02   128  0.10  2.30 -0.24  0.28
 1.02  1.22    41  1.55  2.18 -0.14  0.19
PREP_DONE
