meshes in: [('Mesh_0', 7000)]
tris before 7000
tris after 7000
bbox min (-1.02, -1.08, 0.0) max (1.02, 1.08, 2.4)
Z slices: z_from z_to n ymin ymax xmin xmax  (y<0 = 'front' side of view)
 0.00  0.20   171 -0.55  0.07 -0.65  0.78
 0.20  0.40   135 -0.57  0.76 -0.49  0.83
 0.40  0.60   258 -0.66  0.90 -0.58  0.84
 0.60  0.80   498 -0.81  1.04 -0.78  0.84
 0.80  1.00   347 -0.95  1.07 -0.87  0.93
 1.00  1.20   314 -1.05  1.06 -0.91  0.98
 1.20  1.40   476 -1.08  1.08 -1.02  1.02
 1.40  1.60   403 -1.06  1.05 -1.02  1.00
 1.60  1.80   263 -0.92  0.88 -0.92  0.82
 1.80  2.00   220 -0.92  0.25 -0.88  0.67
 2.00  2.20   177 -0.77  0.23 -0.67  0.73
 2.20  2.40    18 -0.14  0.12 -0.09  0.31
 2.40  2.60     1  0.11  0.11  0.03  0.03
Y slices: y_from y_to n zmin zmax xmin xmax
-1.08 -0.88   203  0.95  1.87 -0.98 -0.35
-0.88 -0.68   548  0.76  2.15 -1.02  0.58
-0.68 -0.48   604  0.00  2.16 -0.87  0.84
-0.48 -0.28   788  0.00  2.12 -0.65  0.84
-0.28 -0.08   449  0.00  2.22 -0.55  0.78
-0.08  0.12   371  0.01  2.40 -0.46  0.73
 0.12  0.32   126  0.28  2.14 -0.26  0.71
 0.32  0.52    54  0.23  1.67 -0.12  0.92
 0.52  0.72    69  0.23  1.70 -0.10  1.02
 0.72  0.92    42  0.30  1.67 -0.01  1.02
 0.92  1.12    27  0.64  1.54  0.19  0.90
PREP_DONE
