meshes in: [('Mesh_0', 15000)]
tris before 15000
tris after 15000
bbox min (-1.03, -0.73, 0.0) max (1.03, 0.73, 2.4)
Z slices: z_from z_to n ymin ymax xmin xmax  (y<0 = 'front' side of view)
 0.00  0.20   411 -0.73  0.35 -0.36  1.02
 0.20  0.40   503 -0.62  0.46 -0.59  0.91
 0.40  0.60   477 -0.63  0.64 -0.77  0.95
 0.60  0.80   461 -0.59  0.72 -0.84  0.91
 0.80  1.00   637 -0.55  0.72 -0.84  0.84
 1.00  1.20   679 -0.68  0.68 -0.96  0.71
 1.20  1.40   559 -0.73  0.73 -1.02  0.85
 1.40  1.60   913 -0.72  0.73 -1.03  0.95
 1.60  1.80   841 -0.61  0.69 -0.97  0.86
 1.80  2.00   925 -0.60  0.49 -0.82  0.86
 2.00  2.20   848 -0.44  0.34 -0.49  1.03
 2.20  2.40   228 -0.14  0.33 -0.34  0.94
 2.40  2.60     1  0.05  0.05  0.00  0.00
Y slices: y_from y_to n zmin zmax xmin xmax
-0.73 -0.53   491  0.00  1.94 -0.36  0.95
-0.53 -0.33  1221  0.00  2.12 -0.34  0.89
-0.33 -0.13  1347  0.03  2.21 -0.66  1.02
-0.13  0.07  1686  0.03  2.40 -0.91  1.03
 0.07  0.27  1596  0.03  2.39 -1.00  1.02
 0.27  0.47   686  0.03  2.25 -1.03  0.97
 0.47  0.67   367  0.41  1.82 -1.02  0.00
 0.67  0.87    89  0.65  1.61 -0.85 -0.25
PREP_DONE
