aligned bbox min (-1.15, -2.02, 0.0) max (1.15, 2.36, 5.0)  (nose toward -Y)
y_from  y_to   n    zmin  zmax  xmin  xmax
 -2.02  -1.77   103  3.38  3.86  0.02  0.65
 -1.77  -1.52   136  3.02  4.02 -0.11  0.69
 -1.52  -1.27   361  2.98  4.90 -0.82  0.68
 -1.27  -1.02   335  0.00  4.99 -0.91  0.62
 -1.02  -0.77   559  0.00  5.00 -1.03  0.72
 -0.77  -0.52   605  0.00  4.92 -1.06  1.13
 -0.52  -0.27   469  0.00  4.91 -0.99  1.15
 -0.27  -0.02   380  0.00  4.85 -0.95  1.12
 -0.02   0.23   299  0.00  4.68 -0.89  0.91
  0.23   0.48   292  0.00  3.73 -1.11  0.93
  0.48   0.73   301  0.00  3.05 -1.15  0.94
  0.73   0.98   214  0.00  2.77 -1.08  0.93
  0.98   1.23   199  0.00  2.51 -1.00  0.91
  1.23   1.48   154  0.00  2.27 -0.86  0.85
  1.48   1.73   135  0.00  1.97 -0.67  0.73
  1.73   1.98    95  0.00  1.32 -0.38  0.59
  1.98   2.23    77  0.00  0.92  0.14  0.74
  2.23   2.48    38  0.20  0.90  0.37  0.73
head detail (y < nose+2.2): z_from z_to n xmin xmax ymin ymax
 0.00  0.25   292 -1.06  0.91 -1.13  0.18
 0.25  0.50   184 -1.02  0.87 -1.08  0.16
 0.50  0.75    60 -0.87  0.79 -0.75  0.17
 0.75  1.00    65 -0.89  0.85 -0.70  0.17
 1.00  1.25    71 -0.89  0.83 -0.67  0.15
 1.25  1.50    79 -0.90  0.66 -0.65  0.18
 1.50  1.75   110 -0.92  0.63 -0.65  0.17
 1.75  2.00    89 -0.92  0.62 -0.79  0.18
 2.00  2.25    65 -0.95  0.64 -0.91  0.18
 2.25  2.50    60 -0.94  0.64 -0.92  0.16
 2.50  2.75    60 -0.90  0.61 -0.90  0.16
 2.75  3.00    65 -0.81  0.52 -1.45  0.16
 3.00  3.25   228 -0.76  0.48 -1.75  0.17
 3.25  3.50   297 -0.74  0.66 -1.90  0.17
 3.50  3.75   233 -0.77  0.70 -2.01  0.14
 3.75  4.00   147 -0.76  0.73 -2.02  0.17
 4.00  4.25   184 -0.71  1.15 -1.56  0.15
 4.25  4.50   279 -0.88  1.15 -1.50 -0.00
 4.50  4.75   402 -0.96  1.09 -1.51 -0.01
 4.75  5.00   223 -0.95  1.00 -1.43 -0.10
 5.00  5.25     1 -0.44 -0.44 -1.00 -1.00
ALIGN_DONE
