meshes in: [('Mesh_0', 561990)]
tris before 561990
tris after 5000
bbox min (-0.61, -0.52, 0.0) max (0.61, 0.52, 1.5)
Z slices: z_from z_to n ymin ymax xmin xmax  (y<0 = 'front' side of view)
 0.00  0.20   369 -0.36  0.12 -0.45  0.23
 0.20  0.40   400 -0.40  0.42 -0.59  0.52
 0.40  0.60   519 -0.48  0.49 -0.61  0.57
 0.60  0.80   615 -0.51  0.52 -0.57  0.61
 0.80  1.00   306 -0.52  0.52 -0.42  0.57
 1.00  1.20   167 -0.52  0.49 -0.32  0.51
 1.20  1.40    86 -0.36 -0.09 -0.29  0.14
 1.40  1.60    36 -0.22 -0.14 -0.27  0.06
Y slices: y_from y_to n zmin zmax xmin xmax
-0.52 -0.32   505  0.00  1.23 -0.45  0.28
-0.32 -0.12   720  0.00  1.50 -0.61  0.38
-0.12  0.08   547  0.00  1.30 -0.60  0.39
 0.08  0.28   328  0.00  0.88 -0.50  0.29
 0.28  0.48   379  0.25  1.09 -0.17  0.61
 0.48  0.68    19  0.58  1.03  0.42  0.60
exported farmer_rooster_gray.fbx
PREP_DONE
