meshes in: [('Mesh_0', 15000)]
tris before 15000
tris after 15000
bbox min (-0.99, -0.86, 0.0) max (0.99, 0.86, 2.4)
Z slices: z_from z_to n ymin ymax xmin xmax  (y<0 = 'front' side of view)
 0.00  0.20   533 -0.65  0.56 -0.91  0.73
 0.20  0.40   413 -0.59  0.75 -0.74  0.83
 0.40  0.60   397 -0.75  0.84 -0.75  0.87
 0.60  0.80   657 -0.80  0.86 -0.72  0.90
 0.80  1.00   789 -0.86  0.86 -0.99  0.90
 1.00  1.20   853 -0.86  0.83 -0.99  0.87
 1.20  1.40   816 -0.70  0.81 -0.93  0.99
 1.40  1.60   623 -0.73  0.85 -0.91  0.99
 1.60  1.80   749 -0.82  0.84 -0.79  0.99
 1.80  2.00   630 -0.81  0.78 -0.69  0.92
 2.00  2.20   689 -0.83  0.61 -0.73  0.79
 2.20  2.40   286 -0.20  0.08 -0.69  0.08
 2.40  2.60     1 -0.08 -0.08 -0.58 -0.58
Y slices: y_from y_to n zmin zmax xmin xmax
-0.86 -0.66   711  0.53  2.14 -0.91  0.13
-0.66 -0.46  1433  0.00  2.14 -0.99  0.09
-0.46 -0.26  1086  0.00  2.18 -0.99  0.73
-0.26 -0.06  1148  0.00  2.40 -0.85  0.73
-0.06  0.14  1178  0.00  2.38 -0.72  0.71
 0.14  0.34   587  0.16  2.12 -0.47  0.90
 0.34  0.54   491  0.11  2.13 -0.08  0.99
 0.54  0.74   533  0.15  2.05  0.04  0.99
 0.74  0.94   269  0.37  1.89  0.26  0.89
PREP_DONE
