objects in: [('Mesh_0', 'MESH', 484740)]
raw dims (0.81, 1.9, 0.71)
custom split normals cleared
tris before 484740
tris after 16000, verts 8000
pca long-axis angle from X: 87.6 deg
end -Y: n 759 xr 0.28 zr 0.35 | end +Y: n 907 xr 0.57 zr 0.43
bbox min (-3.5, 0.0, 0.0) max (3.43, 16.0, 5.99) (snout tip at y=0, tail toward +Y, left = +X)
SLICES y_from y_to n zmin zmax xmin xmax
  0.00   0.29    73  2.93  4.01 -1.14  0.62
  0.29   0.57   125  2.74  4.12 -1.32  0.79
  0.57   0.86   126  2.74  4.06 -1.34  0.84
  0.86   1.14    77  2.80  3.95 -1.41  0.88
  1.14   1.43   152  1.34  3.95 -1.44  0.92
  1.43   1.71   134  1.19  3.99 -1.23  0.85
  1.71   2.00   111  1.17  4.09 -1.37  0.90
  2.00   2.29   134  1.22  4.04 -1.38  0.92
  2.29   2.57   175  1.33  5.04 -1.37  1.10
  2.57   2.86   271  1.53  5.31 -1.32  1.34
  2.86   3.14   325  1.71  5.45 -1.56  1.73
  3.14   3.43   334  0.00  5.77 -2.53  1.87
  3.43   3.71   372  0.00  5.95 -3.16  2.77
  3.71   4.00   335  0.00  5.99 -3.20  3.42
  4.00   4.29   302  0.00  5.93 -3.16  3.43
  4.29   4.57   229  0.01  5.59 -3.10  3.35
  4.57   4.86   223  0.01  5.79 -2.95  3.27
  4.86   5.14   152  0.01  5.85 -3.04  3.11
  5.14   5.43   124  0.01  5.85 -3.01  3.16
  5.43   5.71   181  0.02  5.63 -2.93  3.08
  5.71   6.00    97  0.58  5.46 -2.65  3.04
  6.00   6.29   118  0.61  5.40 -2.39  2.69
  6.29   6.57   130  0.23  5.34 -1.95  2.52
  6.57   6.86   126  0.22  4.83 -1.76  1.82
  6.86   7.14    43  1.58  4.78 -1.72  1.73
  7.14   7.43   118  0.14  4.73 -1.82  1.67
  7.43   7.71   162  0.21  4.32 -2.63  2.30
  7.71   8.00    85  0.07  4.13 -2.94  2.56
  8.00   8.29   145  0.05  4.08 -3.17  2.81
  8.29   8.57   235  0.05  4.04 -3.15  3.04
  8.57   8.86   194  0.04  3.69 -3.50  2.97
  8.86   9.14   152  0.05  3.61 -3.45  3.32
  9.14   9.43   175  0.07  3.61 -3.28  3.26
  9.43   9.71   125  0.08  3.25 -3.18  3.06
  9.71  10.00   111  0.09  3.26 -2.93  2.96
 10.00  10.29   130  0.09  3.25 -2.70  2.65
 10.29  10.57    77  0.21  3.00 -1.92  2.23
 10.57  10.86    81  0.41  3.05 -2.06  0.87
 10.86  11.14    88  0.23  3.06 -2.04  0.72
 11.14  11.43    95  0.32  2.83 -2.15  0.63
 11.43  11.71    36  0.28  2.92 -2.13  0.51
 11.71  12.00   106  0.37  2.91 -2.22  0.43
 12.00  12.29   100  0.40  3.03 -2.20  0.38
 12.29  12.57    39  0.55  3.07 -2.24  0.28
 12.57  12.86    41  0.57  3.01 -2.24  0.20
 12.86  13.14    98  0.73  3.24 -2.20  0.13
 13.14  13.43    52  0.85  3.43 -2.20  0.09
 13.43  13.71    51  1.03  3.44 -2.15  0.10
 13.71  14.00   109  1.23  3.53 -2.05  0.15
 14.00  14.29    95  1.53  4.60 -2.01  2.79
 14.29  14.57   160  1.53  4.92 -1.89  2.74
 14.57  14.86   184  1.84  5.10 -1.73  2.57
 14.86  15.14   152  2.00  5.10 -1.56  2.34
 15.14  15.43   144  2.43  5.10 -1.37  2.06
 15.43  15.71   108  2.61  4.88 -1.04  1.79
 15.71  16.00    83  2.96  4.64 -0.62  1.36
MOUTH: front 35%, centre strip |x|<0.35 and side strips; z gaps > 0.10
  0.00 mid:21:(3.02, 3.95) gaps [(3.31, 3.47), (3.47, 3.59)] | L:5:(3.42, 3.84) gaps [(3.42, 3.6), (3.66, 3.84)] | R:12:(3.15, 3.88) gaps [(3.26, 3.4), (3.4, 3.51), (3.51, 3.67)]
  0.20 mid:27:(2.84, 4.05) gaps [(3.12, 3.68), (3.94, 4.05)] | L:18:(2.93, 3.94) gaps [(2.97, 3.22), (3.22, 3.34), (3.34, 3.54), (3.54, 3.67)] | R:51:(2.96, 4.04) gaps [(3.16, 3.35), (3.35, 3.55), (3.55, 3.73)]
  0.40 mid:17:(2.74, 3.95) gaps [(3.03, 3.73), (3.75, 3.95)] | L:19:(2.9, 4.02) gaps [(3.14, 3.6), (3.6, 3.75), (3.75, 3.9), (3.9, 4.02)] | R:40:(2.78, 4.12) gaps [(3.12, 3.78)]
  0.60 mid:19:(2.84, 3.97) gaps [(3.02, 3.12), (3.18, 3.96)] | L:24:(2.75, 3.86) gaps [(3.15, 3.38), (3.38, 3.73)] | R:37:(2.81, 4.03) gaps [(3.25, 3.9)]
  0.80 mid:4:(3.11, 3.95) gaps [(3.11, 3.85)] | L:22:(2.77, 3.8) gaps [(3.13, 3.33), (3.33, 3.56), (3.56, 3.8)] | R:32:(2.88, 3.95) gaps [(3.29, 3.74), (3.74, 3.9)]
  1.00 mid:4:(1.51, 3.95) gaps [(1.51, 3.16), (3.16, 3.88)] | L:29:(2.76, 3.32) gaps [] | R:8:(1.51, 3.23) gaps [(1.51, 3.09)]
  1.20 mid:37:(1.34, 3.24) gaps [(1.35, 1.55), (1.93, 3.24)] | L:34:(2.68, 3.82) gaps [(3.23, 3.56), (3.56, 3.82)] | R:25:(1.34, 3.92) gaps [(1.35, 1.51), (1.71, 3.06), (3.29, 3.76), (3.76, 3.92)]
  1.40 mid:42:(1.2, 3.99) gaps [(1.25, 1.38), (1.38, 1.64), (2.02, 2.12), (2.2, 3.28), (3.28, 3.99)] | L:21:(1.63, 3.85) gaps [(1.73, 1.83), (2.06, 2.17), (2.17, 2.96), (3.12, 3.32), (3.32, 3.59), (3.59, 3.85)] | R:34:(1.19, 3.55) gaps [(1.22, 1.37), (1.37, 1.58), (1.84, 3.12), (3.27, 3.55)]
  1.60 mid:20:(1.49, 3.42) gaps [(1.56, 1.69), (1.75, 2.0), (2.02, 2.14), (2.14, 3.26), (3.26, 3.42)] | L:14:(1.39, 3.15) gaps [(1.39, 1.67), (1.84, 1.96), (2.09, 3.0), (3.03, 3.15)] | R:39:(1.31, 3.96) gaps [(1.31, 1.44), (1.54, 1.67), (1.98, 3.14), (3.31, 3.78), (3.78, 3.96)]
  1.80 mid:12:(1.18, 4.09) gaps [(1.27, 1.55), (1.62, 1.76), (1.85, 4.09)] | L:33:(1.45, 3.93) gaps [(1.45, 1.74), (1.83, 2.97), (3.09, 3.22), (3.22, 3.38), (3.38, 3.68), (3.68, 3.93)] | R:30:(1.17, 3.37) gaps [(1.17, 1.57), (1.6, 1.71), (1.86, 2.02), (2.06, 2.18), (2.25, 3.19)]
  2.00 mid:20:(1.65, 3.58) gaps [(1.99, 3.51)] | L:12:(1.57, 3.4) gaps [(1.57, 1.81), (1.89, 3.09), (3.15, 3.27), (3.27, 3.4)] | R:43:(1.22, 4.04) gaps [(1.22, 1.35), (1.35, 1.65), (2.16, 3.25), (3.43, 3.88), (3.88, 4.04)]
  2.20 mid:27:(1.33, 4.63) gaps [(1.33, 1.75), (2.08, 3.56), (3.62, 4.14), (4.41, 4.63)] | L:34:(1.42, 4.74) gaps [(1.42, 1.88), (2.13, 3.16), (3.22, 3.35), (3.35, 3.53), (3.55, 4.09), (4.13, 4.53), (4.53, 4.65)] | R:35:(1.3, 3.59) gaps [(1.37, 1.48), (1.48, 1.77), (2.1, 3.32)]
  2.40 mid:20:(1.82, 4.78) gaps [(2.0, 2.12), (2.17, 3.64), (3.64, 4.28), (4.41, 4.7)] | L:38:(1.74, 5.18) gaps [(1.74, 1.98), (2.1, 3.25), (3.32, 3.44), (3.44, 3.57), (3.59, 3.88), (3.88, 4.07), (4.07, 4.21), (4.39, 4.53), (4.6, 4.79), (4.89, 4.99), (5.04, 5.18)] | R:63:(1.9, 5.0) gaps [(2.32, 3.35), (3.64, 4.21), (4.77, 4.91)]
  2.60 mid:23:(1.53, 5.05) gaps [(1.55, 1.9), (2.32, 4.95)] | L:107:(1.98, 5.22) gaps [(1.98, 2.09), (2.37, 3.21), (3.62, 3.78), (4.78, 5.21)] | R:67:(1.99, 5.31) gaps [(2.14, 2.27), (2.36, 3.26), (3.7, 4.04), (4.04, 4.17), (4.64, 4.81), (5.01, 5.19), (5.19, 5.31)]
  2.80 mid:15:(2.06, 5.18) gaps [(2.29, 2.4), (2.47, 5.18)] | L:69:(1.76, 5.38) gaps [(1.76, 1.89), (1.89, 2.01), (2.07, 2.2), (2.33, 3.41), (3.61, 3.81), (4.15, 4.67), (4.76, 5.21), (5.21, 5.37)] | R:89:(1.74, 5.31) gaps [(1.74, 1.85), (1.85, 2.11), (2.68, 3.55), (3.75, 4.1), (4.91, 5.3)]
  3.00 mid:19:(1.71, 5.37) gaps [(1.71, 2.17), (2.27, 2.38), (2.51, 5.33)] | L:86:(1.89, 5.37) gaps [(1.89, 2.03), (2.17, 2.33), (2.66, 3.34), (3.97, 5.24)] | R:40:(2.12, 5.55) gaps [(2.12, 2.26), (2.71, 3.03), (3.03, 3.54), (3.66, 3.76), (3.8, 4.15), (4.15, 4.89), (4.94, 5.25), (5.25, 5.55)]
  3.20 mid:19:(2.3, 5.77) gaps [(2.42, 2.55), (2.55, 5.4), (5.61, 5.77)] | L:69:(2.18, 5.43) gaps [(2.38, 2.5), (2.98, 3.33), (3.61, 3.82), (3.93, 5.28), (5.28, 5.43)] | R:40:(2.13, 5.46) gaps [(2.13, 2.26), (2.26, 2.45), (2.62, 2.78), (3.08, 3.6), (3.84, 4.94), (4.94, 5.34)]
  3.40 mid:22:(1.86, 5.87) gaps [(1.96, 2.46), (2.71, 3.79), (3.79, 5.48), (5.52, 5.74)] | L:45:(2.13, 5.34) gaps [(2.13, 2.38), (2.56, 2.75), (3.16, 3.54), (3.65, 3.77), (3.77, 3.89), (3.94, 5.05)] | R:26:(1.91, 5.55) gaps [(2.03, 2.65), (2.83, 3.01), (3.03, 3.13), (3.2, 3.71), (3.88, 5.41), (5.41, 5.51)]
  3.60 mid:23:(1.95, 5.99) gaps [(2.03, 2.6), (2.86, 5.55), (5.55, 5.74), (5.74, 5.9)] | L:26:(2.3, 5.54) gaps [(2.3, 2.46), (2.46, 2.6), (2.76, 3.01), (3.43, 3.56), (3.71, 5.27), (5.27, 5.5)] | R:18:(2.44, 5.42) gaps [(2.44, 2.79), (3.09, 3.77), (3.89, 5.25)]
  3.80 mid:25:(1.76, 5.98) gaps [(1.79, 1.93), (2.12, 2.75), (2.81, 2.94), (2.97, 5.57), (5.58, 5.89)] | L:23:(2.16, 3.65) gaps [(2.37, 2.75), (3.03, 3.36), (3.36, 3.46)] | R:25:(1.76, 5.58) gaps [(1.76, 2.01), (2.37, 2.98), (3.04, 3.18), (3.22, 3.77), (3.86, 5.17), (5.17, 5.48), (5.48, 5.58)]
  4.00 mid:19:(1.47, 5.93) gaps [(1.47, 1.7), (1.77, 3.16), (3.35, 3.79), (3.79, 5.58), (5.58, 5.73), (5.77, 5.88)] | L:51:(1.48, 5.54) gaps [(1.48, 1.75), (2.08, 2.32), (2.55, 2.92), (3.25, 3.49), (3.88, 5.45)] | R:40:(1.75, 5.4) gaps [(1.91, 2.42), (2.75, 3.15), (3.15, 3.3), (3.51, 3.69), (3.93, 5.4)]
  4.20 mid:16:(1.01, 5.76) gaps [(1.02, 1.21), (1.21, 3.32), (3.44, 5.55)] | L:24:(1.01, 3.54) gaps [(1.01, 1.23), (1.23, 1.41), (1.41, 1.68), (1.68, 1.96), (2.11, 2.58), (2.74, 3.03), (3.26, 3.5)] | R:20:(1.02, 5.55) gaps [(1.08, 1.36), (1.36, 1.62), (1.62, 1.92), (2.04, 3.27), (3.41, 3.66), (3.68, 5.55)]
  4.40 mid:10:(0.98, 5.58) gaps [(1.01, 3.41), (3.48, 3.59), (3.61, 5.56)] | L:43:(0.97, 5.37) gaps [(1.4, 2.06), (2.28, 3.24), (3.39, 3.55), (3.58, 5.37)] | R:45:(1.03, 5.28) gaps [(1.41, 1.78), (1.86, 2.01), (2.23, 3.36), (3.51, 3.65), (3.65, 5.28)]
  4.60 mid:23:(0.75, 5.79) gaps [(0.76, 3.43), (3.51, 3.62), (3.65, 5.53), (5.66, 5.79)] | L:9:(0.79, 5.5) gaps [(0.79, 1.04), (1.04, 1.4), (1.46, 2.02), (2.02, 2.34), (2.39, 5.08), (5.08, 5.5)] | R:26:(0.95, 5.45) gaps [(0.95, 1.34), (1.56, 1.68), (1.77, 1.97), (2.5, 3.5), (3.5, 5.45)]
  4.80 mid:7:(5.46, 5.78) gaps [(5.53, 5.76)] | L:9:(5.05, 5.48) gaps [(5.17, 5.43)] | R:3:(5.1, 5.12) gaps []
  5.00 mid:10:(0.56, 5.85) gaps [(0.56, 5.39), (5.44, 5.57), (5.57, 5.81)] | L:11:(0.59, 5.56) gaps [(0.59, 0.87), (0.87, 5.15), (5.23, 5.35), (5.41, 5.56)] | R:15:(0.58, 5.23) gaps [(0.58, 0.81), (0.81, 5.13)]
  5.20 mid:9:(5.3, 5.85) gaps [(5.37, 5.74)] | L:5:(5.19, 5.32) gaps [] | R:7:(0.67, 5.26) gaps [(0.67, 5.21)]
  5.40 mid:20:(0.42, 5.63) gaps [(0.42, 5.25)] | L:9:(0.75, 5.36) gaps [(0.75, 4.9), (4.9, 5.08), (5.16, 5.27)] | R:23:(0.39, 5.36) gaps [(0.8, 5.15)]
LEGS: verts with z < 1.80, by y band and side
  1.14   1.43  L  0.01.. 0.30  R -1.00..-0.00  n 52  zmin 1.34
  1.43   1.71  L  0.01.. 0.54  R -1.22..-0.07  n 68  zmin 1.19
  1.71   2.00  L  0.01.. 0.62  R -1.35..-0.04  n 36  zmin 1.17
  2.00   2.29  L  0.08.. 0.56  R -1.30..-0.08  n 24  zmin 1.22
  2.29   2.57  L  0.05.. 0.61  R -1.10..-0.79  n 5  zmin 1.33
  2.57   2.86  L  0.13.. 0.13  R -0.29..-0.29  n 2  zmin 1.53
  2.86   3.14  L  0.17.. 0.48  R -0.77..-0.25  n 4  zmin 1.71
  3.14   3.43  L  0.00.. 0.00  R -2.53..-1.57  n 25  zmin 0.00
  3.43   3.71  L  1.76.. 2.77  R -3.16..-1.42  n 110  zmin 0.00
  3.71   4.00  L  0.32.. 3.42  R -3.20..-0.30  n 166  zmin 0.00
  4.00   4.29  L  0.03.. 3.43  R -3.16..-0.07  n 126  zmin 0.00
  4.29   4.57  L  0.39.. 3.35  R -3.10..-0.04  n 118  zmin 0.01
  4.57   4.86  L  0.07.. 3.27  R -2.95..-0.33  n 94  zmin 0.01
  4.86   5.14  L  0.09.. 3.11  R -3.04..-0.37  n 80  zmin 0.01
  5.14   5.43  L  1.38.. 3.16  R -3.01..-0.36  n 70  zmin 0.01
  5.43   5.71  L  0.06.. 3.08  R -2.93..-0.10  n 111  zmin 0.02
  5.71   6.00  L  1.30.. 3.04  R -2.65..-1.04  n 36  zmin 0.58
  6.00   6.29  L  1.18.. 2.69  R -2.39..-1.47  n 40  zmin 0.61
  6.29   6.57  L  0.00.. 2.52  R -1.81..-0.09  n 63  zmin 0.23
  6.57   6.86  L  0.01.. 1.82  R -1.67..-1.55  n 54  zmin 0.22
  6.86   7.14  L  1.65.. 1.66  R -1.72..-1.68  n 7  zmin 1.58
  7.14   7.43  L  0.01.. 1.67  R -1.75..-0.02  n 66  zmin 0.14
  7.43   7.71  L  0.64.. 2.30  R -2.40..-1.75  n 51  zmin 0.21
  7.71   8.00  L  1.67.. 2.39  R -2.94..-1.72  n 36  zmin 0.07
  8.00   8.29  L  0.14.. 2.81  R -3.17..-0.04  n 105  zmin 0.05
  8.29   8.57  L  0.28.. 3.04  R -3.15..-1.58  n 163  zmin 0.05
  8.57   8.86  L  1.40.. 2.97  R -3.50..-1.52  n 139  zmin 0.04
  8.86   9.14  L  1.31.. 3.32  R -3.45..-0.19  n 123  zmin 0.05
  9.14   9.43  L  0.02.. 3.26  R -3.28..-0.17  n 106  zmin 0.07
  9.43   9.71  L  1.04.. 3.06  R -3.18..-1.43  n 70  zmin 0.08
  9.71  10.00  L  1.14.. 2.96  R -2.93..-1.39  n 79  zmin 0.09
 10.00  10.29  L  0.00.. 2.65  R -2.70..-0.01  n 64  zmin 0.09
 10.29  10.57  L  0.20.. 2.23  R -1.92..-0.08  n 27  zmin 0.21
 10.57  10.86  L  0.61.. 0.84  R -2.03..-1.34  n 43  zmin 0.41
 10.86  11.14  L  0.16.. 0.71  R -2.04..-0.01  n 34  zmin 0.23
 11.14  11.43  L  0.09.. 0.61  R -2.08..-0.03  n 40  zmin 0.32
 11.43  11.71  L  0.00.. 0.51  R -2.13..-0.41  n 11  zmin 0.28
 11.71  12.00  L  0.35.. 0.43  R -2.17..-0.49  n 48  zmin 0.37
 12.00  12.29  L  0.06.. 0.35  R -2.20..-0.02  n 46  zmin 0.40
 12.29  12.57  L  0.19.. 0.28  R -2.20..-1.03  n 16  zmin 0.55
 12.57  12.86  L  0.09.. 0.19  R -2.19..-0.21  n 11  zmin 0.57
 12.86  13.14  L  0.01.. 0.13  R -2.13..-0.01  n 48  zmin 0.73
 13.14  13.43  L  0.02.. 0.02  R -1.44..-0.04  n 15  zmin 0.85
 13.43  13.71  L  0.03.. 0.04  R -2.07..-0.02  n 10  zmin 1.03
 13.71  14.00  L  0.00.. 0.00  R -1.86..-0.17  n 30  zmin 1.23
 14.00  14.29  L  0.00.. 0.00  R -1.72..-0.16  n 4  zmin 1.53
 14.29  14.57  L  0.00.. 0.00  R -1.08..-0.67  n 5  zmin 1.53
PREP_DONE
