tris before 273172
tex in (4096, 4096)
dims (1.903, 0.984, 0.653) red faces 29178 red centroid (0.7, -0.001, 0.137)
long axis x stern (1.0, 0.0, 0.0) rotate 90
tris after 273172
bbox min (-2.07, -4.0, 0.0) max (2.07, 4.0, 2.75)  (bow = -Y, stern/motor = +Y)
Y slices (bow->stern): y_from y_to n zmin zmax xmin xmax
-4.00 -3.50  5423  0.61  2.22 -0.61  0.60
-3.50 -3.00 13117  0.01  1.98 -1.21  1.21
-3.00 -2.50 16768  0.00  1.95 -1.52  1.52
-2.50 -2.00 15005  0.00  1.93 -1.76  1.76
-2.00 -1.50  7962  0.00  1.92 -1.90  1.90
-1.50 -1.00  5689  0.00  1.91 -2.00  2.00
-1.00 -0.50  4099  0.00  1.91 -2.03  2.03
-0.50  0.00  5326  0.00  1.91 -2.07  2.07
 0.00  0.50  5648  0.00  1.91 -2.07  2.07
 0.50  1.00  3880  0.00  1.91 -2.04  2.04
 1.00  1.50  4311  0.00  1.91 -2.01  2.01
 1.50  2.00  4957  0.00  2.01 -1.96  1.96
 2.00  2.50 16603  0.00  2.63 -1.88  1.88
 2.50  3.00 18563  0.00  2.75 -1.80  1.79
 3.00  3.50  5256  0.49  2.75 -0.51  0.51
 3.50  4.00  3966  1.80  2.67 -0.44  0.44
Centre-line top surfaces (|x|<0.4): y  z_values(rounded, upward faces)
-4.00 [1.9, 2.0, 2.2]
-3.50 [0.9, 1.0, 1.1, 1.4, 1.6, 1.9, 2.0]
-3.00 [0.8, 0.9, 1.3, 1.4]
-2.50 [0.8, 0.9, 1.3, 1.4]
-2.00 [0.9, 1.3, 1.4]
-1.50 [0.9]
-1.00 [0.9]
-0.50 [0.9, 1.4]
 0.00 [0.9, 1.4]
 0.50 [0.9]
 1.00 [0.9]
 1.50 [0.9, 1.9, 2.0]
 2.00 [0.9, 1.3, 1.4, 1.8, 1.9, 2.0, 2.1, 2.5, 2.6]
 2.50 [0.8, 1.4, 1.5, 1.6, 1.7, 1.8, 2.1, 2.6, 2.7]
 3.00 [2.6, 2.7]
 3.50 [2.0, 2.1, 2.6, 2.7]
exported boat.fbx
PREP_DONE
