meshes in: [('Mesh_0', 15000)]
tris before 15000
tris after 15000
bbox min (-1.3, -0.94, 0.0) max (1.3, 0.94, 2.4)
Z slices: z_from z_to n ymin ymax xmin xmax  (y<0 = 'front' side of view)
 0.00  0.20   417 -0.45  0.62 -1.00  0.66
 0.20  0.40   629 -0.49  0.75 -1.18  1.18
 0.40  0.60   634 -0.87  0.79 -1.24  1.30
 0.60  0.80   516 -0.94  0.83 -1.25  1.20
 0.80  1.00   994 -0.79  0.82 -1.18  1.13
 1.00  1.20   908 -0.78  0.86 -1.20  0.86
 1.20  1.40   977 -0.63  0.92 -1.27  0.82
 1.40  1.60   557 -0.52  0.94 -1.30  0.51
 1.60  1.80   458 -0.41  0.94 -1.28  0.57
 1.80  2.00   496 -0.28  0.87 -1.19  0.62
 2.00  2.20   606 -0.24  0.70 -0.94  0.63
 2.20  2.40   191 -0.12  0.26 -0.29  0.58
 2.40  2.60     1  0.06  0.06 -0.22 -0.22
Y slices: y_from y_to n zmin zmax xmin xmax
-0.94 -0.74    26  0.52  1.04 -0.79 -0.26
-0.74 -0.54   146  0.49  1.30 -0.98 -0.14
-0.54 -0.34   625  0.01  1.70 -0.86  0.46
-0.34 -0.14  1232  0.00  2.16 -0.76  1.07
-0.14  0.06  1714  0.00  2.39 -1.08  1.30
 0.06  0.26  1742  0.00  2.40 -1.23  1.27
 0.26  0.46  1044  0.01  2.20 -1.30  1.18
 0.46  0.66   482  0.09  2.08 -1.28  1.11
 0.66  0.86   308  0.27  2.04 -1.23 -0.18
 0.86  1.06    65  1.23  1.83 -1.01 -0.36
PREP_DONE
