meshes in: [('Mesh_0', 15000)]
tris before 15000
tris after 15000
bbox min (-1.2, -0.81, 0.0) max (1.2, 0.81, 2.4)
Z slices: z_from z_to n ymin ymax xmin xmax  (y<0 = 'front' side of view)
 0.00  0.20   552 -0.70  0.58 -0.82  0.85
 0.20  0.40   481 -0.53  0.71 -0.70  1.01
 0.40  0.60   388 -0.56  0.78 -0.71  1.06
 0.60  0.80   338 -0.55  0.81 -0.66  1.08
 0.80  1.00   493 -0.75  0.81 -0.62  1.08
 1.00  1.20   848 -0.79  0.78 -1.14  1.15
 1.20  1.40  1153 -0.74  0.80 -1.20  1.20
 1.40  1.60  1082 -0.79  0.81 -1.14  1.20
 1.60  1.80  1046 -0.81  0.78 -1.03  1.19
 1.80  2.00   544 -0.77  0.69 -0.94  1.12
 2.00  2.20   393 -0.76  0.33 -0.60  0.80
 2.20  2.40   170 -0.42 -0.02 -0.45  0.34
 2.40  2.60     1 -0.16 -0.16 -0.33 -0.33
Y slices: y_from y_to n zmin zmax xmin xmax
-0.81 -0.61   966  0.00  2.13 -1.05  0.66
-0.61 -0.41  1788  0.00  2.21 -1.20  0.68
-0.41 -0.21  1534  0.00  2.33 -1.04  0.62
-0.21 -0.01  1131  0.00  2.40 -0.91  0.91
-0.01  0.19  1012  0.00  2.20 -0.80  1.14
 0.19  0.39   435  0.12  2.04 -0.49  1.20
 0.39  0.59   316  0.15  1.98  0.08  1.20
 0.59  0.79   274  0.21  1.90  0.25  1.12
 0.79  0.99    33  0.61  1.59  0.51  0.79
PREP_DONE
