meshes in: [('Mesh_0', 1954580)]
tris before 1954580
tris after 7000
bbox min (-0.66, -1.34, 0.0) max (0.66, 1.34, 2.4)
Z slices: z_from z_to n ymin ymax xmin xmax  (y<0 = 'front' side of view)
 0.00  0.20   324 -0.68  1.00 -0.63  0.57
 0.20  0.40   214 -0.53  1.15 -0.62  0.62
 0.40  0.60   274 -0.80  1.16 -0.62  0.66
 0.60  0.80   402 -0.89  1.18 -0.58  0.63
 0.80  1.00   461 -0.89  1.19 -0.55  0.64
 1.00  1.20   312 -1.05  1.15 -0.47  0.58
 1.20  1.40   309 -1.32  1.24 -0.51  0.50
 1.40  1.60   271 -1.34  1.32 -0.55  0.53
 1.60  1.80   284 -1.19  1.34 -0.62  0.55
 1.80  2.00   307 -1.04  1.31 -0.66  0.53
 2.00  2.20   221 -0.98  1.29 -0.48  0.47
 2.20  2.40    79 -0.80  1.12 -0.33  0.36
 2.40  2.60     1  0.84  0.84  0.12  0.12
Y slices: y_from y_to n zmin zmax xmin xmax
-1.34 -1.14    87  1.23  1.66 -0.41  0.35
-1.14 -0.94   125  1.17  2.04 -0.58  0.30
-0.94 -0.74   438  0.58  2.28 -0.66  0.53
-0.74 -0.54   728  0.00  2.25 -0.59  0.61
-0.54 -0.34   425  0.00  2.08 -0.63  0.64
-0.34 -0.14   191  0.00  1.44 -0.62  0.65
-0.14  0.06   140  0.00  1.20 -0.62  0.66
 0.06  0.26   168  0.00  1.12 -0.58  0.62
 0.26  0.46   291  0.03  2.24 -0.46  0.53
 0.46  0.66   246  0.00  2.36 -0.35  0.47
 0.66  0.86   195  0.01  2.40 -0.34  0.54
 0.86  1.06   202  0.07  2.39 -0.29  0.54
 1.06  1.26   184  0.27  2.26 -0.16  0.53
 1.26  1.46    39  1.41  2.03  0.04  0.45
PREP_DONE
