meshes in: [('Mesh_0', 801868)]
tris before 801868
  pass -> 80186
  pass -> 8018
  pass -> 7000
tris after 7000
bbox min (-1.0, -0.81, 0.0) max (1.0, 0.81, 2.4)
Z slices: z_from z_to n ymin ymax xmin xmax  (y<0 = 'front' side of view)
 0.00  0.20   312 -0.74 -0.11 -0.52  1.00
 0.20  0.40   256 -0.58  0.38 -0.37  0.78
 0.40  0.60   341 -0.60  0.56 -0.51  0.76
 0.60  0.80   192 -0.64  0.67 -0.60  0.70
 0.80  1.00   268 -0.65  0.68 -0.70  0.62
 1.00  1.20   412 -0.65  0.76 -0.93  0.75
 1.20  1.40   457 -0.65  0.78 -1.00  0.73
 1.40  1.60   382 -0.73  0.81 -1.00  0.78
 1.60  1.80   281 -0.81  0.75 -0.96  0.72
 1.80  2.00   294 -0.74  0.63 -0.90  0.87
 2.00  2.20   224 -0.73  0.39 -0.63  0.89
 2.20  2.40    48 -0.62 -0.22 -0.05  0.88
 2.40  2.60     1 -0.33 -0.33  0.03  0.03
Y slices: y_from y_to n zmin zmax xmin xmax
-0.81 -0.61   424  0.00  2.20 -0.51  0.78
-0.61 -0.41   991  0.01  2.28 -0.52  0.94
-0.41 -0.21   757  0.00  2.40 -0.37  1.00
-0.21 -0.01   708  0.03  2.17 -0.67  0.91
-0.01  0.19   179  0.37  2.07 -0.88  0.63
 0.19  0.39   145  0.35  2.07 -0.99  0.22
 0.39  0.59   159  0.41  2.01 -1.00  0.20
 0.59  0.79    98  0.61  1.86 -0.96  0.08
 0.79  0.99     7  1.41  1.52 -0.79 -0.73
PREP_DONE
