meshes in: [('Mesh_0', 15000)]
tris before 15000
tris after 15000
bbox min (-1.06, -0.8, 0.0) max (1.06, 0.8, 2.4)
Z slices: z_from z_to n ymin ymax xmin xmax  (y<0 = 'front' side of view)
 0.00  0.20   362 -0.14  0.28 -0.42  0.67
 0.20  0.40   468 -0.45  0.44 -0.51  0.66
 0.40  0.60   753 -0.47  0.63 -0.81  0.79
 0.60  0.80   292 -0.44  0.71 -0.89  0.69
 0.80  1.00   717 -0.80  0.73 -0.90  0.99
 1.00  1.20  1193 -0.80  0.75 -0.87  1.06
 1.20  1.40  1236 -0.77  0.79 -1.04  1.06
 1.40  1.60   702 -0.52  0.80 -1.06  1.00
 1.60  1.80   565 -0.53  0.77 -1.03  0.55
 1.80  2.00   525 -0.50  0.66 -0.93  0.74
 2.00  2.20   288 -0.33  0.39 -0.39  0.60
 2.20  2.40   344 -0.26  0.35 -0.37  0.49
Y slices: y_from y_to n zmin zmax xmin xmax
-0.80 -0.60   428  0.89  1.35  0.18  0.99
-0.60 -0.40   740  0.34  1.93 -0.12  1.06
-0.40 -0.20  1356  0.34  2.24 -0.30  1.06
-0.20 -0.00  1497  0.00  2.40 -0.53  0.99
-0.00  0.20  1680  0.00  2.39 -0.92  0.90
 0.20  0.40  1070  0.07  2.40 -1.06  0.69
 0.40  0.60   467  0.38  1.99 -1.06  0.59
 0.60  0.80   205  0.55  1.87 -0.90 -0.19
 0.80  1.00     2  1.49  1.51 -0.52 -0.49
PREP_DONE
