meshes in: [('Mesh_0', 778776)]
tris before 778776
tris after 7000
bbox min (-1.04, -0.95, 0.0) max (1.04, 0.95, 2.4)
Z slices: z_from z_to n ymin ymax xmin xmax  (y<0 = 'front' side of view)
 0.00  0.20   233 -0.58  0.77 -0.50  0.77
 0.20  0.40   133 -0.93  0.86 -0.45  0.86
 0.40  0.60   153 -0.94  0.88 -0.49  0.96
 0.60  0.80   304 -0.92  0.93 -0.46  1.00
 0.80  1.00   330 -0.88  0.93 -0.69  0.99
 1.00  1.20   333 -0.89  0.88 -0.88  0.97
 1.20  1.40   433 -0.93  0.83 -0.88  0.98
 1.40  1.60   458 -0.94  0.94 -1.04  1.04
 1.60  1.80   501 -0.95  0.95 -1.01  1.03
 1.80  2.00   379 -0.79  0.94 -1.02  1.03
 2.00  2.20   139 -0.67  0.91 -0.89  0.98
 2.20  2.40    45 -0.31  0.71 -0.17  0.90
 2.40  2.60     1  0.43  0.43  0.62  0.62
Y slices: y_from y_to n zmin zmax xmin xmax
-0.95 -0.75   639  0.32  1.87 -1.04  0.54
-0.75 -0.55  1032  0.01  2.01 -1.02  0.67
-0.55 -0.35   620  0.00  2.14 -0.82  0.71
-0.35 -0.15   372  0.00  2.38 -0.50  0.83
-0.15  0.05   238  0.00  2.21 -0.49  0.86
 0.05  0.25   131  0.01  2.31 -0.48  0.84
 0.25  0.45   143  0.01  2.40 -0.39  0.93
 0.45  0.65   130  0.04  2.40 -0.27  1.00
 0.65  0.85    92  0.08  2.26  0.31  1.04
 0.85  1.05    45  0.34  2.03  0.45  1.03
PREP_DONE
