band      part   n      Root  Chest   Neck   Head  Tail1  Tail2   x-range
 0.0-0.1  front  108    0.85   0.10   0.00   0.01   0.00   0.00   -0.82.. 0.86
 0.0-0.1  mid     19    0.94   0.03   0.00   0.00   0.00   0.00   -0.73.. 0.83
 0.1-0.2  front   61    0.83   0.11   0.00   0.02   0.00   0.00   -0.86.. 0.83
 0.1-0.2  mid     33    0.96   0.01   0.00   0.00   0.00   0.00   -0.82.. 0.74
 0.1-0.2  back    36    0.73   0.00   0.00   0.00   0.26   0.00   -0.47.. 0.58
 0.2-0.3  front   29    0.82   0.10   0.01   0.04   0.00   0.00   -0.80.. 0.79
 0.2-0.3  mid     26    0.95   0.01   0.00   0.00   0.01   0.00   -0.74.. 0.79
 0.2-0.3  back    40    0.66   0.00   0.00   0.00   0.33   0.00   -0.57.. 0.31
 0.3-0.4  front   20    0.80   0.10   0.03   0.06   0.00   0.00   -0.70.. 0.74
 0.3-0.4  mid     20    0.94   0.01   0.00   0.00   0.01   0.00   -0.62.. 0.73
 0.3-0.4  back    37    0.54   0.00   0.00   0.00   0.45   0.00   -0.30.. 0.24
 0.4-0.5  front   26    0.79   0.09   0.04   0.07   0.00   0.00   -0.69.. 0.71
 0.4-0.5  mid     16    0.92   0.01   0.00   0.00   0.04   0.00   -0.66.. 0.61
 0.4-0.5  back    42    0.49   0.00   0.00   0.00   0.50   0.00   -0.31.. 0.28
 0.5-0.6  front   20    0.75   0.10   0.06   0.09   0.00   0.00   -0.59.. 0.64
 0.5-0.6  mid     21    0.88   0.01   0.00   0.00   0.09   0.00   -0.52.. 0.58
 0.5-0.6  back    57    0.42   0.00   0.00   0.00   0.57   0.00   -0.32.. 0.29
 0.6-0.7  front   38    0.69   0.11   0.08   0.12   0.00   0.00   -0.56.. 0.64
 0.6-0.7  mid     12    0.90   0.02   0.01   0.02   0.00   0.00   -0.44.. 0.62
 0.6-0.7  back    68    0.33   0.00   0.00   0.00   0.65   0.00   -0.33.. 0.31
 0.7-0.8  front   94    0.57   0.13   0.11   0.18   0.00   0.00   -0.38.. 0.54
 0.7-0.8  mid     13    0.87   0.03   0.02   0.04   0.00   0.00   -0.39.. 0.46
 0.7-0.8  back    49    0.30   0.00   0.00   0.00   0.69   0.00   -0.32.. 0.32
 0.8-0.9  front  157    0.49   0.14   0.14   0.22   0.00   0.00   -0.46.. 0.49
 0.8-0.9  mid     13    0.81   0.05   0.05   0.08   0.00   0.00   -0.30.. 0.29
 0.8-0.9  back    45    0.19   0.00   0.00   0.00   0.79   0.00   -0.30.. 0.33
 0.9-1.0  front  161    0.45   0.15   0.16   0.24   0.00   0.00   -0.45.. 0.49
 0.9-1.0  mid      9    0.69   0.07   0.10   0.14   0.00   0.00   -0.14.. 0.14
 0.9-1.0  back    49    0.12   0.00   0.00   0.00   0.86   0.00   -0.32.. 0.35
 1.0-1.1  front   93    0.44   0.15   0.16   0.25   0.00   0.00   -0.41.. 0.47
 1.0-1.1  mid      1    0.60   0.08   0.13   0.19   0.00   0.00    0.08.. 0.08
 1.0-1.1  back    49    0.08   0.00   0.00   0.00   0.90   0.00   -0.33.. 0.33
 1.1-1.2  front  150    0.25   0.12   0.25   0.39   0.00   0.00   -0.37.. 0.38
 1.1-1.2  back    59    0.04   0.00   0.00   0.00   0.90   0.04   -0.32.. 0.34
 1.2-1.3  front  198    0.21   0.09   0.25   0.45   0.00   0.00   -0.35.. 0.30
 1.2-1.3  back    71    0.01   0.00   0.00   0.00   0.89   0.07   -0.31.. 0.34
 1.3-1.4  front   60    0.09   0.03   0.24   0.62   0.00   0.00   -0.35.. 0.42
 1.3-1.4  mid      3    0.00   0.00   0.00   0.00   0.96   0.03   -0.13.. 0.09
 1.3-1.4  back    75    0.00   0.00   0.00   0.00   0.82   0.17   -0.30.. 0.34
 1.4-1.5  front   32    0.00   0.00   0.19   0.78   0.00   0.00   -0.45.. 0.48
 1.4-1.5  mid      9    0.00   0.00   0.00   0.00   0.92   0.08   -0.14.. 0.22
 1.4-1.5  back    94    0.00   0.00   0.00   0.00   0.77   0.23   -0.31.. 0.34
BANDS_DONE
