meshes in: [('Mesh_0', 3080468)]
tris before 3080468
tris after 7000
bbox min (-0.86, -1.42, 0.0) max (0.86, 1.42, 2.4)
Z slices: z_from z_to n ymin ymax xmin xmax  (y<0 = 'front' side of view)
 0.00  0.20   257 -0.96  0.88 -0.86  0.86
 0.20  0.40   172 -0.98  1.07 -0.80  0.79
 0.40  0.60   182 -0.92  1.15 -0.69  0.71
 0.60  0.80   274 -1.11  1.21 -0.56  0.64
 0.80  1.00   434 -1.22  1.21 -0.46  0.49
 1.00  1.20   352 -1.22  1.19 -0.41  0.47
 1.20  1.40   407 -1.34  1.25 -0.35  0.42
 1.40  1.60   272 -1.42  1.35 -0.48  0.49
 1.60  1.80   228 -1.28  1.42 -0.47  0.45
 1.80  2.00   355 -1.14  1.41 -0.54  0.47
 2.00  2.20   400 -1.07  1.33 -0.53  0.45
 2.20  2.40   121 -0.73  1.09 -0.35  0.36
 2.40  2.60     1  0.75  0.75  0.02  0.02
Y slices: y_from y_to n zmin zmax xmin xmax
-1.42 -1.22    41  0.99  1.70 -0.20  0.18
-1.22 -1.02   283  0.72  2.10 -0.45  0.46
-1.02 -0.82   501  0.00  2.09 -0.54  0.55
-0.82 -0.62   637  0.01  2.29 -0.81  0.69
-0.62 -0.42   337  0.01  2.30 -0.86  0.84
-0.42 -0.22   137  0.03  2.28 -0.82  0.86
-0.22 -0.02    56  0.04  0.91 -0.76  0.78
-0.02  0.18    45  0.09  1.85 -0.73  0.74
 0.18  0.38   280  0.13  2.23 -0.68  0.70
 0.38  0.58   307  0.16  2.35 -0.36  0.36
 0.58  0.78   205  0.13  2.40 -0.36  0.34
 0.78  0.98   257  0.14  2.39 -0.33  0.35
 0.98  1.18   245  0.27  2.27 -0.29  0.32
 1.18  1.38   114  0.63  2.17 -0.15  0.21
 1.38  1.58    10  1.65  1.89  0.02  0.10
PREP_DONE
