meshes in: [('Mesh_0', 14999)]
tris before 14999
tris after 14999
bbox min (-0.82, -0.85, 0.0) max (0.82, 0.85, 2.4)
Z slices: z_from z_to n ymin ymax xmin xmax  (y<0 = 'front' side of view)
 0.00  0.20  1053 -0.67  0.60 -0.82  0.82
 0.20  0.40   419 -0.73  0.45 -0.71  0.57
 0.40  0.60   210 -0.80  0.24 -0.60  0.49
 0.60  0.80   287 -0.85  0.43 -0.49  0.38
 0.80  1.00   316 -0.82  0.49 -0.43  0.38
 1.00  1.20   665 -0.73  0.81 -0.50  0.42
 1.20  1.40   985 -0.69  0.85 -0.60  0.48
 1.40  1.60   996 -0.69  0.85 -0.60  0.49
 1.60  1.80   744 -0.52  0.81 -0.55  0.62
 1.80  2.00  1116 -0.62  0.59 -0.60  0.74
 2.00  2.20   440 -0.62  0.07 -0.56  0.23
 2.20  2.40   137 -0.30  0.12 -0.46  0.13
 2.40  2.60     1  0.09  0.09  0.02  0.02
Y slices: y_from y_to n zmin zmax xmin xmax
-0.85 -0.65   439  0.00  1.53 -0.31  0.24
-0.65 -0.45  1703  0.00  2.09 -0.64  0.70
-0.45 -0.25  2165  0.00  2.21 -0.72  0.80
-0.25 -0.05  1411  0.00  2.35 -0.80  0.82
-0.05  0.15   698  0.00  2.40 -0.82  0.80
 0.15  0.35   292  0.00  1.80 -0.77  0.70
 0.35  0.55   323  0.00  1.84 -0.73  0.60
 0.55  0.75   237  0.00  1.82 -0.60  0.42
 0.75  0.95   101  1.10  1.68 -0.53  0.03
PREP_DONE
