meshes in: [('Mesh_0', 3128444)]
tris before 3128444
tris after 7000
bbox min (-0.66, -1.54, 0.0) max (0.66, 1.54, 2.4)
Z slices: z_from z_to n ymin ymax xmin xmax  (y<0 = 'front' side of view)
 0.00  0.20   500 -0.82  1.19 -0.61  0.59
 0.20  0.40   253 -0.89  1.27 -0.65  0.65
 0.40  0.60   260 -0.92  1.34 -0.66  0.66
 0.60  0.80   250 -1.51  1.38 -0.64  0.61
 0.80  1.00   269 -1.54  1.42 -0.63  0.63
 1.00  1.20   270 -1.47  1.48 -0.57  0.57
 1.20  1.40   306 -1.43  1.52 -0.54  0.56
 1.40  1.60   283 -1.45  1.54 -0.60  0.45
 1.60  1.80   302 -1.48  1.53 -0.62  0.47
 1.80  2.00   325 -1.32  1.50 -0.59  0.53
 2.00  2.20   275 -1.28  1.42 -0.56  0.40
 2.20  2.40   135 -0.86  1.12 -0.51  0.32
 2.40  2.60     1 -0.65 -0.65 -0.43 -0.43
Y slices: y_from y_to n zmin zmax xmin xmax
-1.54 -1.34   202  0.62  1.73 -0.57  0.09
-1.34 -1.14   196  0.67  2.04 -0.58  0.45
-1.14 -0.94   205  0.70  2.14 -0.60  0.60
-0.94 -0.74   393  0.00  2.31 -0.63  0.63
-0.74 -0.54   450  0.00  2.40 -0.60  0.56
-0.54 -0.34   380  0.01  2.34 -0.64  0.63
-0.34 -0.14   125  0.00  1.67 -0.66  0.64
-0.14  0.06    83  0.00  1.29 -0.65  0.66
 0.06  0.26    83  0.00  1.04 -0.59  0.60
 0.26  0.46   236  0.00  2.08 -0.50  0.50
 0.46  0.66   190  0.00  2.25 -0.43  0.33
 0.66  0.86   206  0.00  2.32 -0.42  0.38
 0.86  1.06   203  0.00  2.32 -0.42  0.41
 1.06  1.26   235  0.07  2.31 -0.38  0.41
 1.26  1.46   193  0.35  2.15 -0.20  0.35
 1.46  1.66    49  1.12  1.95 -0.04  0.28
PREP_DONE
