meshes in: [('Mesh_0', 3061428)]
tris before 3061428
tris after 7000
bbox min (-0.55, -1.38, 0.0) max (0.55, 1.38, 2.4)
Z slices: z_from z_to n ymin ymax xmin xmax  (y<0 = 'front' side of view)
 0.00  0.20   386 -0.99  1.01 -0.49  0.50
 0.20  0.40   275 -1.08  1.14 -0.54  0.54
 0.40  0.60   287 -1.12  1.20 -0.55  0.55
 0.60  0.80   382 -1.15  1.20 -0.54  0.53
 0.80  1.00   268 -1.18  1.18 -0.53  0.47
 1.00  1.20   340 -1.17  1.13 -0.55  0.42
 1.20  1.40   344 -1.33  1.26 -0.52  0.45
 1.40  1.60   327 -1.38  1.30 -0.43  0.47
 1.60  1.80   281 -1.26  1.38 -0.42  0.53
 1.80  2.00   321 -1.15  1.36 -0.41  0.53
 2.00  2.20   180 -0.84  1.29 -0.38  0.48
 2.20  2.40   102 -0.79  1.10 -0.25  0.23
 2.40  2.60     1  0.82  0.82  0.04  0.04
Y slices: y_from y_to n zmin zmax xmin xmax
-1.38 -1.18   125  1.34  1.77 -0.31  0.43
-1.18 -0.98   150  0.11  1.92 -0.55  0.44
-0.98 -0.78   292  0.01  2.24 -0.50  0.47
-0.78 -0.58   598  0.00  2.25 -0.47  0.53
-0.58 -0.38   395  0.00  1.98 -0.51  0.51
-0.38 -0.18   230  0.00  1.47 -0.55  0.55
-0.18  0.02   149  0.00  1.20 -0.54  0.54
 0.02  0.22   222  0.00  2.07 -0.50  0.51
 0.22  0.42   325  0.05  2.28 -0.40  0.42
 0.42  0.62   309  0.00  2.37 -0.42  0.37
 0.62  0.82   232  0.00  2.39 -0.41  0.39
 0.82  1.02   215  0.05  2.40 -0.42  0.41
 1.02  1.22   200  0.22  2.26 -0.31  0.37
 1.22  1.42    52  1.37  2.08 -0.16  0.25
PREP_DONE
