(0.353, 0.009, 1.424)
(0.471, 0.017, 1.519)
(0.548, 0.097, 1.530)
(0.457, 0.032, 1.589)
(0.541, 0.072, 1.592)
(0.659, 0.107, 1.579)
(0.517, 0.040, 1.422)
(0.690, 0.117, 1.551)
(0.353, 0.006, 1.496)
(0.413, 0.019, 1.615)
(0.462, 0.049, 1.660)
(0.593, 0.059, 1.400)
(0.627, 0.067, 1.405)
(0.318, 0.005, 1.429)
(0.369, 0.011, 1.543)
(0.410, 0.040, 1.667)
(0.416, 0.005, 1.549)
(0.447, 0.001, 1.388)
(0.536, 0.072, 1.452)
(0.576, 0.064, 1.488)
(0.590, 0.091, 1.558)
(0.655, 0.069, 1.382)
(0.686, 0.082, 1.452)
(0.224, 0.026, 1.535)
(0.258, 0.030, 1.595)
(0.399, 0.071, 1.733)
(0.524, 0.065, 1.493)
(0.533, 0.056, 1.406)
(0.611, 0.068, 1.491)
(0.236, 0.037, 1.571)
(0.301, 0.013, 1.519)
(0.340, 0.016, 1.509)
(0.475, 0.007, 1.454)
(0.497, 0.041, 1.511)
(0.656, 0.140, 1.636)
(0.273, 0.015, 1.475)
(0.270, 0.017, 1.394)
(0.388, 0.002, 1.532)
(0.568, 0.077, 1.508)
(0.420, -0.004, 1.469)
(0.416, 0.060, 1.730)
(0.475, 0.011, 1.376)
(0.489, 0.033, 1.536)
(0.521, 0.075, 1.673)
(0.534, 0.027, 1.316)
(0.587, 0.140, 1.609)
(0.606, 0.137, 1.684)
(0.636, 0.084, 1.504)
(0.666, 0.131, 1.610)
(0.275, 0.027, 1.596)
(0.344, 0.008, 1.365)
(0.432, 0.013, 1.484)
(0.513, 0.059, 1.510)
(0.520, 0.071, 1.585)
(0.569, 0.061, 1.328)
(0.570, 0.112, 1.700)
(0.630, 0.096, 1.563)
(0.627, 0.119, 1.610)
(0.660, 0.087, 1.485)
(0.664, 0.077, 1.445)
(0.428, 0.021, 1.547)
(0.473, 0.076, 1.736)
(0.461, 0.013, 1.467)
(0.486, 0.023, 1.450)
(0.504, 0.025, 1.426)
(0.544, 0.066, 1.411)
(0.568, 0.100, 1.547)
(0.599, 0.076, 1.541)
(0.340, 0.038, 1.616)
(0.388, 0.018, 1.619)
(0.408, 0.002, 1.460)
(0.436, 0.046, 1.695)
(0.478, 0.041, 1.614)
(0.500, 0.012, 1.381)
(0.553, 0.040, 1.319)
(0.588, 0.115, 1.676)
(0.640, 0.107, 1.598)
(0.310, 0.051, 1.661)
(0.327, 0.037, 1.635)
(0.317, 0.018, 1.552)
(0.519, 0.092, 1.733)
(0.510, 0.055, 1.577)
(0.528, 0.068, 1.529)
(0.281, 0.006, 1.412)
(0.271, 0.013, 1.513)
(0.354, 0.026, 1.618)
(0.380, 0.037, 1.656)
(0.398, 0.007, 1.543)
(0.630, 0.080, 1.532)
(0.702, 0.110, 1.536)
(0.401, 0.003, 1.381)
(0.441, 0.040, 1.633)
(0.443, 0.020, 1.565)
(0.586, 0.066, 1.476)
