(0.208, -0.292, 2.032)
(0.353, 0.009, 1.424)
(0.471, 0.017, 1.519)
(0.211, -0.040, 2.119)
(0.457, 0.032, 1.589)
(0.201, -0.304, 2.014)
(0.202, -0.321, 2.038)
(0.211, -0.273, 2.040)
(0.235, -0.106, 2.045)
(0.517, 0.040, 1.422)
(0.224, 0.030, 1.405)
(0.229, -0.021, 2.047)
(0.353, 0.006, 1.496)
(0.413, 0.019, 1.615)
(0.462, 0.049, 1.660)
(0.205, -0.273, 2.059)
(0.318, 0.005, 1.429)
(0.369, 0.011, 1.543)
(0.410, 0.040, 1.667)
(0.416, 0.005, 1.549)
(0.223, -0.009, 1.987)
(0.208, 0.048, 1.617)
(0.224, 0.026, 1.535)
(0.258, 0.030, 1.595)
(0.208, -0.016, 1.942)
(0.227, -0.143, 2.020)
(0.236, 0.037, 1.571)
(0.301, 0.013, 1.519)
(0.340, 0.016, 1.509)
(0.475, 0.007, 1.454)
(0.497, 0.041, 1.511)
(0.201, -0.101, 1.938)
(0.210, -0.166, 1.976)
(0.220, -0.145, 2.063)
(0.273, 0.015, 1.475)
(0.388, 0.002, 1.532)
(0.201, -0.096, 2.148)
(0.420, -0.004, 1.469)
(0.489, 0.033, 1.536)
(0.227, -0.077, 2.089)
(0.237, 0.043, 1.648)
(0.275, 0.027, 1.596)
(0.432, 0.013, 1.484)
(0.203, -0.309, 2.061)
(0.213, 0.037, 2.035)
(0.203, -0.297, 2.107)
(0.428, 0.021, 1.547)
(0.461, 0.013, 1.467)
(0.486, 0.023, 1.450)
(0.504, 0.025, 1.426)
(0.211, -0.122, 2.118)
(0.340, 0.038, 1.616)
(0.388, 0.018, 1.619)
(0.408, 0.002, 1.460)
(0.436, 0.046, 1.695)
(0.478, 0.041, 1.614)
(0.327, 0.037, 1.635)
(0.317, 0.018, 1.552)
(0.206, -0.318, 2.035)
(0.239, 0.017, 1.405)
(0.281, 0.006, 1.412)
(0.271, 0.013, 1.513)
(0.354, 0.026, 1.618)
(0.380, 0.037, 1.656)
(0.398, 0.007, 1.543)
(0.205, -0.282, 2.057)
(0.212, -0.276, 2.059)
(0.224, -0.118, 1.980)
(0.441, 0.040, 1.633)
(0.443, 0.020, 1.565)
