(0.033, -0.747, 1.649)
(-0.049, -0.740, 1.690)
(-0.173, -0.723, 1.735)
(-0.267, -0.699, 1.749)
(-0.235, -0.668, 1.728)
(-0.107, -0.634, 1.678)
(-0.031, -0.595, 1.680)
(-0.018, -0.580, 1.630)
(-0.007, -0.541, 1.568)
(-0.042, -0.507, 1.518)
(-0.081, -0.484, 1.493)
(-0.111, -0.411, 1.477)
(-0.112, -0.333, 1.461)
(-0.123, -0.266, 1.433)
(-0.085, -0.312, 1.403)
(-0.083, -0.213, 1.421)
(-0.092, -0.153, 1.414)
(-0.097, -0.066, 1.377)
(-0.096, -0.020, 1.317)
(-0.122, 0.012, 1.246)
(-0.247, 0.035, 1.079)
(-0.291, 0.047, 0.989)
(-0.313, 0.046, 0.948)
(-0.213, 0.049, 0.892)
(-0.232, 0.056, 0.844)
(-0.142, 0.053, 0.800)
(-0.175, 0.073, 0.739)
(-0.205, 0.085, 0.667)
(-0.184, 0.101, 0.592)
(-0.160, 0.101, 0.561)
(-0.105, 0.167, 0.522)
(-0.059, 0.212, 0.512)
(0.008, 0.285, 0.496)
(0.066, 0.353, 0.511)
(0.134, 0.434, 0.581)
(0.204, 0.545, 0.648)
(0.295, 0.653, 0.795)
(0.345, 0.693, 0.916)
(0.320, 0.696, 1.119)
(0.284, 0.652, 1.356)
(0.319, 0.654, 1.590)
(0.362, 0.651, 1.741)
(0.513, 0.672, 1.817)
(0.641, 0.656, 1.872)
(0.703, 0.657, 1.875)
(0.793, 0.637, 1.873)
(0.829, 0.602, 1.874)
