meshes in: [('Mesh_0', 15000)]
tris before 15000
tris after 15000
bbox min (-1.09, -0.77, 0.0) max (1.09, 0.77, 2.4)
Z slices: z_from z_to n ymin ymax xmin xmax  (y<0 = 'front' side of view)
 0.00  0.20   613 -0.57  0.57 -0.89  0.73
 0.20  0.40   769 -0.66  0.66 -0.79  0.89
 0.40  0.60   660 -0.69  0.73 -0.80  0.95
 0.60  0.80   651 -0.69  0.76 -0.77  0.98
 0.80  1.00   835 -0.66  0.77 -0.93  0.96
 1.00  1.20   658 -0.61  0.76 -0.96  1.04
 1.20  1.40   660 -0.60  0.76 -0.97  1.09
 1.40  1.60   719 -0.77  0.76 -1.06  1.07
 1.60  1.80   681 -0.77  0.72 -1.09  1.06
 1.80  2.00   566 -0.73  0.70 -0.73  0.96
 2.00  2.20   396 -0.54  0.47 -0.70  0.69
 2.20  2.40   263 -0.41  0.20 -0.67  0.16
 2.40  2.60     1 -0.20 -0.20 -0.35 -0.35
Y slices: y_from y_to n zmin zmax xmin xmax
-0.77 -0.57   360  0.39  1.90 -0.87  0.09
-0.57 -0.37  1226  0.00  2.35 -0.96  0.57
-0.37 -0.17  1427  0.00  2.40 -1.09  0.56
-0.17  0.03  2007  0.00  2.39 -1.09  0.55
 0.03  0.23  1090  0.13  2.32 -0.63  0.86
 0.23  0.43   486  0.08  2.17 -0.51  1.03
 0.43  0.63   523  0.11  2.04  0.07  1.09
 0.63  0.83   353  0.29  1.90  0.25  1.07
PREP_DONE
