Forward (Y < 0.05) count: 199
  (0.105, -0.286, 2.162)
  (0.108, -0.332, 1.628)
  (0.120, -0.225, 2.200)
  (0.137, -0.213, 1.917)
  (0.156, -0.264, 2.232)
  (0.159, -0.297, 2.188)
  (0.176, -0.162, 2.153)
  (0.161, -0.299, 2.136)
  (0.169, -0.247, 2.187)
  (0.176, -0.316, 1.971)
  (0.197, -0.165, 1.945)
  (0.198, -0.239, 2.099)
  (0.208, -0.292, 2.032)
  (0.353, 0.009, 1.424)
  (0.471, 0.017, 1.519)
  (0.104, -0.240, 2.228)
  (0.101, -0.369, 1.629)
  (0.134, -0.279, 2.259)
  (0.163, -0.118, 1.912)
  (0.149, -0.286, 2.118)
  (0.170, -0.278, 2.191)
  (0.162, -0.261, 2.234)
  (0.197, -0.296, 2.102)
  (0.211, -0.040, 2.119)
  (0.457, 0.032, 1.589)
  (0.103, -0.424, 1.605)
  (0.105, -0.394, 1.648)
  (0.129, -0.257, 2.238)
  (0.119, -0.250, 1.897)
  (0.150, -0.290, 1.924)
  (0.158, -0.214, 1.964)
  (0.147, -0.211, 2.175)
  (0.173, -0.241, 1.957)
  (0.195, 0.043, 2.089)
  (0.181, -0.310, 1.967)
  (0.179, -0.210, 2.009)
  (0.201, -0.304, 2.014)
  (0.202, -0.321, 2.038)
  (0.211, -0.273, 2.040)
  (0.235, -0.106, 2.045)
  (0.517, 0.040, 1.422)
  (0.111, -0.305, 2.248)
  (0.117, -0.149, 1.885)
  (0.124, -0.066, 1.870)
  (0.145, -0.298, 1.995)
  (0.128, -0.199, 1.902)
  (0.172, -0.156, 1.912)
  (0.174, -0.281, 2.197)
  (0.175, -0.294, 2.150)
  (0.191, -0.241, 2.096)
  (0.158, -0.102, 1.907)
  (0.224, 0.030, 1.405)
  (0.229, -0.021, 2.047)
  (0.353, 0.006, 1.496)
  (0.413, 0.019, 1.615)
  (0.462, 0.049, 1.660)
  (0.109, -0.262, 2.080)
  (0.104, -0.368, 1.657)
  (0.104, -0.232, 2.210)
  (0.147, 0.003, 1.876)
  (0.140, -0.251, 1.905)
  (0.118, -0.285, 1.911)
  (0.159, -0.298, 2.243)
  (0.163, -0.272, 2.216)
  (0.154, -0.044, 1.883)
  (0.194, 0.046, 1.951)
  (0.190, -0.192, 2.065)
  (0.193, -0.262, 2.118)
  (0.205, -0.273, 2.059)
  (0.318, 0.005, 1.429)
  (0.369, 0.011, 1.543)
  (0.410, 0.040, 1.667)
  (0.416, 0.005, 1.549)
  (0.115, -0.277, 1.897)
  (0.102, -0.400, 1.604)
  (0.114, -0.203, 1.894)
  (0.159, -0.288, 2.268)
  (0.151, -0.256, 1.925)
  (0.127, -0.265, 2.048)
  (0.153, -0.229, 1.939)
  (0.157, -0.282, 2.074)
  (0.185, -0.320, 1.969)
  (0.223, -0.009, 1.987)
  (0.208, 0.048, 1.617)
  (0.224, 0.026, 1.535)
  (0.258, 0.030, 1.595)
  (0.127, -0.284, 2.182)
  (0.133, -0.063, 2.209)
  (0.132, -0.224, 1.902)
  (0.138, -0.162, 1.892)
  (0.165, -0.112, 2.188)
  (0.171, 0.046, 1.913)
  (0.156, -0.294, 2.244)
  (0.187, -0.229, 2.027)
  (0.195, -0.275, 2.152)
  (0.208, -0.016, 1.942)
  (0.198, -0.314, 2.033)
  (0.227, -0.143, 2.020)
  (0.236, 0.037, 1.571)
  (0.301, 0.013, 1.519)
  (0.340, 0.016, 1.509)
  (0.475, 0.007, 1.454)
  (0.497, 0.041, 1.511)
  (0.112, -0.283, 1.952)
  (0.109, -0.265, 1.949)
  (0.122, -0.317, 2.207)
  (0.195, -0.220, 2.039)
  (0.201, -0.101, 1.938)
  (0.199, -0.252, 2.005)
  (0.210, -0.166, 1.976)
  (0.220, -0.145, 2.063)
  (0.273, 0.015, 1.475)
  (0.388, 0.002, 1.532)
  (0.153, -0.291, 1.921)
  (0.187, -0.016, 1.911)
  (0.194, -0.320, 1.997)
  (0.196, -0.247, 2.073)
  (0.201, -0.096, 2.148)
  (0.420, -0.004, 1.469)
  (0.489, 0.033, 1.536)
  (0.111, -0.344, 1.633)
  (0.136, -0.281, 2.256)
  (0.131, -0.225, 1.912)
  (0.188, -0.172, 2.118)
  (0.180, -0.210, 2.031)
  (0.227, -0.077, 2.089)
  (0.237, 0.043, 1.648)
  (0.275, 0.027, 1.596)
  (0.432, 0.013, 1.484)
  (0.141, -0.276, 2.140)
  (0.140, -0.232, 2.216)
  (0.155, -0.312, 1.947)
  (0.181, -0.269, 2.158)
  (0.186, -0.320, 1.977)
  (0.174, -0.202, 1.955)
  (0.203, -0.309, 2.061)
  (0.213, 0.037, 2.035)
  (0.145, -0.233, 2.202)
  (0.156, -0.298, 2.034)
  (0.161, -0.201, 2.119)
  (0.193, -0.323, 2.015)
  (0.194, 0.049, 1.607)
  (0.194, -0.258, 2.006)
  (0.203, -0.297, 2.107)
  (0.428, 0.021, 1.547)
  (0.461, 0.013, 1.467)
  (0.486, 0.023, 1.450)
  (0.504, 0.025, 1.426)
  (0.100, -0.016, 1.851)
  (0.111, -0.302, 2.239)
  (0.114, -0.262, 1.887)
  (0.131, -0.196, 2.165)
  (0.156, -0.319, 1.986)
  (0.168, -0.306, 1.940)
  (0.175, -0.316, 2.060)
  (0.168, -0.180, 1.920)
  (0.184, -0.241, 2.004)
  (0.211, -0.122, 2.118)
  (0.340, 0.038, 1.616)
  (0.388, 0.018, 1.619)
  (0.408, 0.002, 1.460)
  (0.436, 0.046, 1.695)
  (0.478, 0.041, 1.614)
  (0.142, -0.163, 2.188)
  (0.134, -0.303, 2.199)
  (0.130, -0.256, 2.240)
  (0.153, -0.288, 2.003)
  (0.163, -0.282, 1.935)
  (0.153, 0.045, 2.141)
  (0.195, -0.305, 1.982)
  (0.327, 0.037, 1.635)
  (0.317, 0.018, 1.552)
  (0.105, -0.288, 1.921)
  (0.104, -0.369, 1.598)
  (0.116, -0.226, 1.881)
  (0.123, -0.125, 2.218)
  (0.185, -0.229, 2.033)
  (0.188, -0.276, 2.148)
  (0.197, 0.033, 1.497)
  (0.187, -0.230, 2.072)
  (0.184, -0.054, 2.165)
  (0.206, -0.318, 2.035)
  (0.239, 0.017, 1.405)
  (0.281, 0.006, 1.412)
  (0.271, 0.013, 1.513)
  (0.354, 0.026, 1.618)
  (0.380, 0.037, 1.656)
  (0.398, 0.007, 1.543)
  (0.139, -0.193, 1.921)
  (0.142, -0.209, 1.927)
  (0.150, -0.217, 1.926)
  (0.173, -0.007, 2.158)
  (0.138, -0.237, 2.209)
  (0.189, -0.285, 1.969)
  (0.205, -0.282, 2.057)
  (0.212, -0.276, 2.059)
  (0.224, -0.118, 1.980)
  (0.441, 0.040, 1.633)
  (0.443, 0.020, 1.565)
Backward (Y >= 0.05) count: 609
