meshes in: [('Mesh_0', 1819518)]
tris before 1819518
tris after 7000
bbox min (-0.94, -1.09, 0.0) max (0.94, 1.09, 2.4)
Z slices: z_from z_to n ymin ymax xmin xmax  (y<0 = 'front' side of view)
 0.00  0.20    76 -1.05  0.69 -0.89  0.84
 0.20  0.40  2132 -1.09  0.89 -0.94  0.87
 0.40  0.60    52 -0.85  1.03 -0.62  0.75
 0.60  0.80    76 -1.01  1.09 -0.54  0.84
 0.80  1.00    64 -1.07  1.06 -0.72  0.87
 1.00  1.20    70 -0.77  0.91 -0.69  0.79
 1.20  1.40   101 -0.62  0.96 -0.86  0.83
 1.40  1.60   102 -0.66  1.03 -0.92  0.93
 1.60  1.80    75 -0.81  1.04 -0.90  0.94
 1.80  2.00    61 -0.84  0.99 -0.72  0.90
 2.00  2.20    52 -0.61  0.81 -0.63  0.76
 2.20  2.40    10 -0.19 -0.04 -0.62  0.20
 2.40  2.60     1 -0.09 -0.09 -0.44 -0.44
Y slices: y_from y_to n zmin zmax xmin xmax
-1.09 -0.89    78  0.00  0.92 -0.54  0.44
-0.89 -0.69   243  0.00  1.86 -0.75  0.68
-0.69 -0.49   401  0.00  2.04 -0.92  0.78
-0.49 -0.29   458  0.00  2.14 -0.91  0.87
-0.29 -0.09   510  0.00  2.37 -0.94  0.87
-0.09  0.11   445  0.00  2.40 -0.90  0.87
 0.11  0.31   371  0.00  2.05 -0.88  0.77
 0.31  0.51   215  0.00  2.14 -0.74  0.83
 0.51  0.71   104  0.00  2.19 -0.59  0.93
 0.71  0.91    28  0.26  2.17 -0.21  0.91
 0.91  1.11    19  0.42  1.94  0.13  0.94
PREP_DONE
