meshes in: [('Mesh_0', 931800)]
tris before 931800
  pass -> 93180
  pass -> 9318
  pass -> 7000
tris after 7000
bbox min (-1.03, -0.78, 0.0) max (1.03, 0.78, 2.4)
Z slices: z_from z_to n ymin ymax xmin xmax  (y<0 = 'front' side of view)
 0.00  0.20   240 -0.57  0.39 -0.19  0.78
 0.20  0.40    96 -0.75  0.46 -0.45  0.49
 0.40  0.60   148 -0.78  0.56 -0.62  0.61
 0.60  0.80   174 -0.67  0.61 -0.72  0.64
 0.80  1.00   379 -0.61  0.61 -0.73  0.85
 1.00  1.20   384 -0.60  0.59 -0.81  0.99
 1.20  1.40   412 -0.56  0.75 -0.99  1.03
 1.40  1.60   442 -0.56  0.78 -1.03  0.98
 1.60  1.80   402 -0.52  0.76 -1.01  0.87
 1.80  2.00   308 -0.46  0.73 -0.91  0.96
 2.00  2.20   234 -0.44  0.60 -0.74  0.97
 2.20  2.40   158 -0.40  0.23 -0.01  0.84
 2.40  2.60     1 -0.07 -0.07  0.53  0.53
Y slices: y_from y_to n zmin zmax xmin xmax
-0.78 -0.58    60  0.38  1.07 -0.41  0.23
-0.58 -0.38   860  0.00  2.22 -0.39  0.78
-0.38 -0.18  1003  0.01  2.37 -0.34  1.03
-0.18  0.02   610  0.29  2.40 -0.51  0.97
 0.02  0.22   441  0.00  2.35 -0.87  0.96
 0.22  0.42   249  0.00  2.21 -1.00  0.73
 0.42  0.62   113  0.37  2.06 -1.03  0.01
 0.62  0.82    42  1.23  1.95 -0.97 -0.28
PREP_DONE
