meshes in: [('Mesh_0', 14999)]
tris before 14999
tris after 14999
bbox min (-1.13, -1.04, 0.0) max (1.13, 1.04, 2.4)
Z slices: z_from z_to n ymin ymax xmin xmax  (y<0 = 'front' side of view)
 0.00  0.20   359 -0.86  0.61 -0.58  1.04
 0.20  0.40   460 -0.11  0.83 -0.69  0.75
 0.40  0.60   640 -0.76  0.99 -0.90  0.92
 0.60  0.80   734 -0.72  1.04 -0.94  0.90
 0.80  1.00   900 -0.66  1.03 -0.94  0.77
 1.00  1.20   930 -0.62  1.01 -1.08  0.67
 1.20  1.40  1015 -0.57  1.04 -1.13  0.74
 1.40  1.60   753 -0.54  1.04 -1.13  0.71
 1.60  1.80   762 -0.51  0.99 -1.08  0.71
 1.80  2.00   550 -0.91  0.87 -0.89  0.98
 2.00  2.20   135 -1.04  0.37 -0.15  1.13
 2.20  2.40    37 -1.01 -0.59  0.73  1.10
 2.40  2.60     1 -0.86 -0.86  0.89  0.89
Y slices: y_from y_to n zmin zmax xmin xmax
-1.04 -0.84    55  0.08  2.40  0.73  1.11
-0.84 -0.64    90  0.04  2.40  0.05  1.13
-0.64 -0.44   280  0.05  2.23  0.03  0.90
-0.44 -0.24   529  0.63  2.11 -0.38  0.73
-0.24 -0.04  1175  0.01  2.00 -0.58  0.73
-0.04  0.16  1275  0.00  2.01 -0.55  0.76
 0.16  0.36  1173  0.01  2.13 -0.72  0.76
 0.36  0.56  1029  0.00  2.14 -0.96  0.47
 0.56  0.76   738  0.01  1.86 -1.09  0.43
 0.76  0.96   718  0.35  1.84 -1.13 -0.22
 0.96  1.16   214  0.54  1.65 -1.04 -0.40
PREP_DONE
