meshes in: [('Mesh_0', 3013748)]
tris before 3013748
tris after 7000
bbox min (-1.01, -1.43, 0.0) max (1.01, 1.43, 2.4)
Z slices: z_from z_to n ymin ymax xmin xmax  (y<0 = 'front' side of view)
 0.00  0.20   468 -1.17  1.29 -0.90  0.86
 0.20  0.40   246 -1.26  1.40 -1.00  1.00
 0.40  0.60   224 -1.31  1.43 -1.01  1.01
 0.60  0.80   197 -1.31  1.38 -1.00  0.99
 0.80  1.00   238 -1.31  1.36 -0.94  0.92
 1.00  1.20   396 -1.43  1.30 -0.79  0.92
 1.20  1.40   583 -1.43  1.34 -0.71  0.89
 1.40  1.60   372 -1.33  1.39 -0.55  0.74
 1.60  1.80   229 -1.18  1.40 -0.49  0.60
 1.80  2.00   225 -1.05  1.41 -0.48  0.57
 2.00  2.20   205 -0.86  1.36 -0.44  0.55
 2.20  2.40   110 -0.61  1.19 -0.30  0.49
 2.40  2.60     1 -0.49 -0.49 -0.17 -0.17
Y slices: y_from y_to n zmin zmax xmin xmax
-1.43 -1.23   215  0.32  1.51 -0.43  0.34
-1.23 -1.03   458  0.00  1.81 -0.80  0.59
-1.03 -0.83   445  0.00  2.03 -0.92  0.92
-0.83 -0.63   399  0.00  2.18 -1.00  0.92
-0.63 -0.43   340  0.00  2.40 -1.01  0.98
-0.43 -0.23   258  0.00  2.28 -1.01  1.01
-0.23 -0.03   166  0.00  1.90 -0.94  0.99
-0.03  0.17   112  0.00  1.37 -0.81  0.94
 0.17  0.37   160  0.04  1.88 -0.54  0.86
 0.37  0.57   271  0.00  2.23 -0.46  0.71
 0.57  0.77   140  0.00  2.35 -0.50  0.44
 0.77  0.97   148  0.00  2.38 -0.50  0.47
 0.97  1.17   141  0.00  2.37 -0.47  0.47
 1.17  1.37   208  0.08  2.21 -0.39  0.38
 1.37  1.57    33  0.31  1.96 -0.02  0.27
PREP_DONE
