band      part   n      Root  Chest   Neck   Head  Tail1  Tail2   x-range
 0.0-0.1  front   64    0.94   0.02   0.00   0.00   0.00   0.00   -0.58.. 0.54
 0.0-0.1  mid    106    0.95   0.01   0.00   0.00   0.00   0.00   -0.57.. 0.54
 0.0-0.1  back     9    0.72   0.00   0.00   0.00   0.27   0.00    0.05.. 0.28
 0.1-0.2  front   74    0.94   0.02   0.00   0.00   0.00   0.00   -0.57.. 0.53
 0.1-0.2  mid     92    0.95   0.01   0.00   0.00   0.00   0.00   -0.56.. 0.53
 0.1-0.2  back    22    0.74   0.00   0.00   0.00   0.25   0.00   -0.06.. 0.38
 0.2-0.3  front   22    0.91   0.05   0.00   0.00   0.00   0.00   -0.48.. 0.44
 0.2-0.3  mid     50    0.92   0.04   0.00   0.00   0.00   0.00   -0.60.. 0.57
 0.2-0.3  back    35    0.70   0.00   0.00   0.00   0.29   0.00   -0.25.. 0.43
 0.3-0.4  front   25    0.87   0.08   0.00   0.00   0.00   0.00   -0.51.. 0.47
 0.3-0.4  mid     30    0.90   0.06   0.00   0.00   0.00   0.00   -0.61.. 0.58
 0.3-0.4  back    27    0.64   0.00   0.00   0.00   0.35   0.00   -0.41.. 0.46
 0.4-0.5  front   26    0.78   0.15   0.03   0.02   0.00   0.00   -0.50.. 0.50
 0.4-0.5  mid     10    0.87   0.09   0.00   0.00   0.00   0.00   -0.62.. 0.59
 0.4-0.5  back    29    0.52   0.00   0.00   0.00   0.46   0.00   -0.47.. 0.50
 0.5-0.6  front   31    0.74   0.17   0.04   0.03   0.00   0.00   -0.50.. 0.47
 0.5-0.6  mid     28    0.83   0.12   0.00   0.00   0.00   0.00   -0.63.. 0.58
 0.5-0.6  back    23    0.54   0.01   0.00   0.00   0.43   0.00   -0.40.. 0.49
 0.6-0.7  front   57    0.55   0.27   0.09   0.08   0.00   0.00   -0.51.. 0.41
 0.6-0.7  mid     35    0.79   0.14   0.01   0.01   0.01   0.00   -0.61.. 0.57
 0.6-0.7  back    38    0.50   0.03   0.00   0.00   0.46   0.00   -0.45.. 0.55
 0.7-0.8  front  133    0.46   0.33   0.11   0.10   0.00   0.00   -0.57.. 0.56
 0.7-0.8  mid     14    0.61   0.28   0.05   0.03   0.00   0.00   -0.57.. 0.58
 0.7-0.8  back    36    0.49   0.04   0.00   0.00   0.46   0.00   -0.43.. 0.54
 0.8-0.9  front  200    0.41   0.36   0.12   0.11   0.00   0.00   -0.64.. 0.60
 0.8-0.9  mid     18    0.61   0.29   0.04   0.03   0.01   0.00   -0.54.. 0.61
 0.8-0.9  back    24    0.25   0.03   0.00   0.00   0.70   0.00   -0.27.. 0.56
 0.9-1.0  front  191    0.38   0.36   0.13   0.12   0.00   0.00   -0.64.. 0.59
 0.9-1.0  mid     27    0.39   0.44   0.08   0.06   0.00   0.00   -0.47.. 0.63
 0.9-1.0  back    32    0.11   0.01   0.00   0.00   0.86   0.00   -0.04.. 0.58
 1.0-1.1  front  130    0.33   0.36   0.16   0.14   0.00   0.00   -0.56.. 0.54
 1.0-1.1  mid     34    0.30   0.53   0.09   0.05   0.02   0.00   -0.44.. 0.54
 1.0-1.1  back    23    0.05   0.00   0.00   0.00   0.92   0.00   -0.04.. 0.55
 1.1-1.2  front   79    0.26   0.36   0.21   0.17   0.00   0.00   -0.49.. 0.47
 1.1-1.2  mid     20    0.19   0.64   0.10   0.05   0.01   0.00   -0.40.. 0.53
 1.1-1.2  back    20    0.01   0.00   0.00   0.00   0.94   0.02   -0.05.. 0.54
 1.2-1.3  front   55    0.16   0.23   0.25   0.34   0.00   0.00   -0.50.. 0.40
 1.2-1.3  mid     25    0.05   0.55   0.16   0.07   0.15   0.01   -0.33.. 0.41
 1.2-1.3  back    30    0.00   0.00   0.00   0.00   0.93   0.04   -0.07.. 0.51
 1.3-1.4  front   60    0.00   0.04   0.21   0.72   0.00   0.00   -0.43.. 0.38
 1.3-1.4  mid     36    0.01   0.09   0.27   0.07   0.51   0.04   -0.30.. 0.39
 1.3-1.4  back    27    0.00   0.00   0.00   0.00   0.91   0.08   -0.11.. 0.56
 1.4-1.5  front   85    0.00   0.01   0.13   0.84   0.00   0.00   -0.53.. 0.41
 1.4-1.5  mid     75    0.00   0.02   0.20   0.62   0.13   0.02   -0.39.. 0.46
 1.4-1.5  back    38    0.00   0.00   0.00   0.00   0.83   0.16   -0.14.. 0.61
BANDS_DONE
