band      part   n      Root  Chest   Neck   Head  Tail1  Tail2   x-range
 0.0-0.1  front   41    0.88   0.06   0.01   0.00   0.00   0.00   -0.64.. 0.54
 0.0-0.1  mid     34    0.93   0.02   0.00   0.00   0.00   0.00   -0.57.. 0.48
 0.1-0.2  front   52    0.88   0.05   0.01   0.01   0.00   0.00   -0.64.. 0.53
 0.1-0.2  mid     61    0.92   0.02   0.00   0.00   0.00   0.00   -0.61.. 0.52
 0.1-0.2  back    25    0.79   0.00   0.00   0.00   0.21   0.00   -0.21.. 0.10
 0.2-0.3  front   50    0.86   0.07   0.03   0.02   0.00   0.00   -0.66.. 0.55
 0.2-0.3  mid     23    0.93   0.02   0.00   0.00   0.01   0.00   -0.65.. 0.51
 0.2-0.3  back    20    0.62   0.00   0.00   0.00   0.37   0.00   -0.26.. 0.14
 0.3-0.4  front   30    0.82   0.08   0.05   0.04   0.00   0.00   -0.68.. 0.55
 0.3-0.4  mid     17    0.91   0.03   0.00   0.00   0.02   0.00   -0.68.. 0.58
 0.3-0.4  back    17    0.44   0.00   0.00   0.00   0.55   0.00   -0.33.. 0.18
 0.4-0.5  front   17    0.75   0.11   0.07   0.06   0.00   0.00   -0.70.. 0.59
 0.4-0.5  mid     11    0.88   0.03   0.00   0.00   0.04   0.00   -0.68.. 0.45
 0.4-0.5  back    22    0.36   0.00   0.00   0.00   0.63   0.00   -0.38.. 0.26
 0.5-0.6  front   38    0.60   0.15   0.12   0.12   0.00   0.00   -0.51.. 0.59
 0.5-0.6  mid     14    0.87   0.06   0.01   0.00   0.02   0.00   -0.66.. 0.58
 0.5-0.6  back    76    0.32   0.00   0.00   0.00   0.68   0.00   -0.41.. 0.27
 0.6-0.7  front   54    0.57   0.17   0.14   0.12   0.00   0.00   -0.67.. 0.56
 0.6-0.7  mid     24    0.80   0.10   0.02   0.01   0.03   0.00   -0.67.. 0.50
 0.6-0.7  back    32    0.26   0.00   0.00   0.00   0.73   0.00   -0.44.. 0.33
 0.7-0.8  front   98    0.47   0.22   0.18   0.13   0.00   0.00   -0.63.. 0.51
 0.7-0.8  mid     77    0.69   0.18   0.04   0.01   0.06   0.00   -0.62.. 0.51
 0.7-0.8  back    62    0.22   0.02   0.00   0.00   0.75   0.00   -0.45.. 0.32
 0.8-0.9  front   78    0.41   0.22   0.22   0.14   0.00   0.00   -0.66.. 0.59
 0.8-0.9  mid     75    0.63   0.22   0.03   0.01   0.09   0.00   -0.56.. 0.46
 0.8-0.9  back    30    0.15   0.00   0.00   0.00   0.84   0.00   -0.46.. 0.34
 0.9-1.0  front   58    0.32   0.23   0.27   0.18   0.00   0.00   -0.69.. 0.64
 0.9-1.0  mid     29    0.45   0.45   0.05   0.01   0.02   0.00   -0.54.. 0.43
 0.9-1.0  back    25    0.10   0.00   0.00   0.00   0.90   0.00   -0.45.. 0.33
 1.0-1.1  front   64    0.26   0.20   0.31   0.22   0.00   0.00   -0.64.. 0.67
 1.0-1.1  mid     34    0.21   0.67   0.08   0.03   0.00   0.00   -0.50.. 0.37
 1.0-1.1  back    46    0.06   0.00   0.00   0.00   0.91   0.02   -0.45.. 0.33
 1.1-1.2  front   94    0.21   0.20   0.35   0.23   0.00   0.00   -0.60.. 0.70
 1.1-1.2  mid     27    0.08   0.79   0.09   0.02   0.00   0.00   -0.45.. 0.33
 1.1-1.2  back    62    0.02   0.00   0.00   0.00   0.86   0.09   -0.41.. 0.30
 1.2-1.3  front   81    0.16   0.17   0.38   0.29   0.00   0.00   -0.49.. 0.70
 1.2-1.3  mid     27    0.04   0.61   0.30   0.04   0.00   0.00   -0.31.. 0.24
 1.2-1.3  back    84    0.00   0.00   0.00   0.00   0.83   0.14   -0.42.. 0.31
 1.3-1.4  front   67    0.06   0.10   0.41   0.42   0.00   0.00   -0.46.. 0.64
 1.3-1.4  mid     13    0.00   0.19   0.57   0.06   0.14   0.01   -0.29.. 0.11
 1.3-1.4  back    95    0.00   0.00   0.00   0.00   0.85   0.13   -0.41.. 0.31
 1.4-1.5  front   60    0.00   0.03   0.28   0.67   0.00   0.00   -0.53.. 0.41
 1.4-1.5  mid     21    0.00   0.15   0.42   0.10   0.30   0.03   -0.45.. 0.35
 1.4-1.5  back    68    0.00   0.00   0.00   0.00   0.75   0.24   -0.47.. 0.34
BANDS_DONE
