follows BODY: 886 verts
   v 3220 ( 0.66,-0.81, 1.28) head 0.00 body 1.00 rgb (0.43,0.43,0.43) hsv (300,0.01,0.43)
   v 1251 ( 0.28,-0.36, 1.28) head 0.00 body 1.00 rgb (0.96,0.03,0.06) hsv (358,0.96,0.96)
   v 1448 ( 0.12,-0.24, 1.28) head 0.00 body 0.99 rgb (0.95,0.04,0.06) hsv (358,0.96,0.95)
   v  882 ( 0.56,-0.72, 1.27) head 0.00 body 1.00 rgb (0.44,0.44,0.44) hsv (  0,0.00,0.44)
   v 1473 ( 0.26,-0.68, 1.27) head 0.00 body 1.00 rgb (0.83,0.04,0.04) hsv (360,0.95,0.83)
   v 2387 ( 0.65,-0.90, 1.27) head 0.00 body 1.00 rgb (0.41,0.41,0.41) hsv (206,0.01,0.41)
   v 3071 (-0.35,-0.70, 1.27) head 0.00 body 1.00 rgb (0.95,0.04,0.06) hsv (359,0.96,0.95)
   v  514 (-0.15,-0.21, 1.27) head 0.00 body 0.99 rgb (0.98,0.04,0.06) hsv (359,0.96,0.98)
   v 2879 (-0.32,-0.72, 1.27) head 0.00 body 1.00 rgb (0.48,0.38,0.38) hsv (  0,0.20,0.48)
   v 1337 (-0.40,-0.42, 1.27) head 0.00 body 1.00 rgb (0.99,0.04,0.06) hsv (359,0.96,0.99)
   v  804 ( 0.17,-0.90, 1.27) head 0.00 body 0.97 rgb (0.80,0.79,0.79) hsv (357,0.02,0.80)
   v 1962 ( 0.62,-0.73, 1.27) head 0.00 body 1.00 rgb (0.44,0.44,0.44) hsv (  0,0.00,0.44)
   v 1593 (-0.24,-0.25, 1.27) head 0.00 body 1.00 rgb (0.98,0.04,0.07) hsv (358,0.96,0.98)
   v 2277 (-0.12,-0.21, 1.27) head 0.00 body 0.99 rgb (0.97,0.04,0.06) hsv (358,0.96,0.97)
   v 2931 (-0.03,-0.19, 1.26) head 0.00 body 0.96 rgb (0.96,0.04,0.06) hsv (358,0.96,0.96)
   v  243 (-0.39,-0.39, 1.26) head 0.00 body 1.00 rgb (0.98,0.04,0.06) hsv (358,0.96,0.98)
   v 1367 (-0.29,-0.26, 1.26) head 0.00 body 1.00 rgb (0.98,0.04,0.06) hsv (359,0.96,0.98)
   v 1139 (-0.31,-0.31, 1.26) head 0.00 body 1.00 rgb (0.99,0.04,0.06) hsv (358,0.96,0.99)
   v 1071 ( 0.52,-0.76, 1.26) head 0.00 body 1.00 rgb (0.42,0.42,0.43) hsv (240,0.01,0.43)
   v 2389 ( 0.68,-0.86, 1.26) head 0.00 body 1.00 rgb (0.42,0.42,0.42) hsv (240,0.01,0.42)
   v 1440 ( 0.15,-0.27, 1.26) head 0.00 body 1.00 rgb (0.96,0.04,0.06) hsv (358,0.96,0.96)
   v 1881 ( 0.07,-0.22, 1.26) head 0.00 body 0.97 rgb (0.95,0.04,0.06) hsv (359,0.96,0.95)
   v 1398 (-0.07,-0.20, 1.26) head 0.00 body 0.97 rgb (0.97,0.04,0.07) hsv (358,0.96,0.97)
   v 3388 ( 0.20,-0.74, 1.26) head 0.00 body 1.00 rgb (0.61,0.17,0.20) hsv (356,0.72,0.61)
   v 1486 ( 0.33,-0.46, 1.26) head 0.00 body 1.00 rgb (0.96,0.04,0.06) hsv (358,0.96,0.96)
   v 1022 ( 0.23,-0.72, 1.25) head 0.00 body 1.00 rgb (0.89,0.04,0.05) hsv (359,0.96,0.89)
   v  254 (-0.35,-0.36, 1.25) head 0.00 body 1.00 rgb (0.98,0.04,0.07) hsv (358,0.96,0.98)
   v 2388 ( 0.65,-0.90, 1.25) head 0.00 body 1.00 rgb (0.42,0.41,0.41) hsv (330,0.02,0.42)
   v  588 ( 0.23,-0.32, 1.25) head 0.00 body 1.00 rgb (0.96,0.04,0.06) hsv (358,0.96,0.96)
   v 1963 ( 0.68,-0.89, 1.25) head 0.00 body 1.00 rgb (0.41,0.41,0.41) hsv (  0,0.00,0.41)
   v  189 ( 0.54,-0.77, 1.25) head 0.00 body 1.00 rgb (0.42,0.42,0.42) hsv (  0,0.00,0.42)
   v  974 (-0.09,-0.17, 1.25) head 0.00 body 0.96 rgb (0.97,0.04,0.07) hsv (358,0.96,0.97)
   v 1825 (-0.29,-0.88, 1.25) head 0.00 body 0.99 rgb (0.89,0.86,0.86) hsv (  9,0.03,0.89)
   v  539 (-0.05,-0.16, 1.25) head 0.00 body 0.96 rgb (0.97,0.03,0.05) hsv (358,0.97,0.97)
   v 3073 (-0.31,-0.74, 1.25) head 0.00 body 1.00 rgb (0.93,0.04,0.04) hsv (360,0.96,0.93)
   v 3252 (-0.45,-0.50, 1.25) head 0.00 body 1.00 rgb (0.99,0.04,0.06) hsv (358,0.96,0.99)
   v   28 (-0.43,-0.45, 1.25) head 0.00 body 1.00 rgb (0.99,0.04,0.06) hsv (359,0.96,0.99)
   v  422 ( 0.61,-0.92, 1.24) head 0.00 body 1.00 rgb (0.41,0.41,0.41) hsv (  0,0.00,0.41)
   v 2218 (-0.43,-0.37, 1.24) head 0.00 body 0.99 rgb (0.98,0.04,0.07) hsv (358,0.96,0.98)
   v 3051 (-0.41,-0.36, 1.24) head 0.00 body 0.99 rgb (0.98,0.03,0.07) hsv (358,0.97,0.98)
LEAKS_DONE
