meshes in: [('Mesh_0', 3067576)]
tris before 3067576
tris after 7000
bbox min (-0.7, -1.34, 0.0) max (0.7, 1.34, 2.4)
Z slices: z_from z_to n ymin ymax xmin xmax  (y<0 = 'front' side of view)
 0.00  0.20   213 -0.79  0.78 -0.64  0.54
 0.20  0.40   157 -0.74  0.96 -0.68  0.58
 0.40  0.60   178 -0.80  1.02 -0.70  0.59
 0.60  0.80   347 -0.97  1.10 -0.67  0.56
 0.80  1.00   295 -0.95  1.11 -0.69  0.64
 1.00  1.20   327 -0.90  1.11 -0.64  0.70
 1.20  1.40   367 -1.27  1.13 -0.49  0.70
 1.40  1.60   281 -1.34  1.21 -0.65  0.54
 1.60  1.80   320 -1.24  1.34 -0.66  0.57
 1.80  2.00   468 -1.31  1.34 -0.64  0.46
 2.00  2.20   320 -1.15  1.27 -0.62  0.47
 2.20  2.40   159 -0.96  1.11 -0.51  0.37
 2.40  2.60     1  0.57  0.57 -0.09 -0.09
Y slices: y_from y_to n zmin zmax xmin xmax
-1.34 -1.14   157  1.32  2.01 -0.46  0.41
-1.14 -0.94   195  0.75  2.22 -0.59  0.51
-0.94 -0.74   515  0.01  2.32 -0.63  0.70
-0.74 -0.54   455  0.00  2.34 -0.69  0.67
-0.54 -0.34   361  0.00  2.05 -0.68  0.60
-0.34 -0.14   228  0.02  1.87 -0.70  0.58
-0.14  0.06   197  0.06  1.49 -0.66  0.55
 0.06  0.26   170  0.14  2.23 -0.56  0.46
 0.26  0.46   153  0.14  2.37 -0.50  0.39
 0.46  0.66   142  0.13  2.40 -0.54  0.42
 0.66  0.86   302  0.16  2.40 -0.54  0.42
 0.86  1.06   359  0.26  2.39 -0.53  0.40
 1.06  1.26   145  0.61  2.23 -0.35  0.27
 1.26  1.46    54  1.73  2.04 -0.22  0.11
PREP_DONE
