meshes in: [('Mesh_0', 576180)]
tris before 576180
tris after 7000
bbox min (-0.81, -1.16, 0.0) max (0.81, 1.16, 2.4)
Z slices: z_from z_to n ymin ymax xmin xmax  (y<0 = 'front' side of view)
 0.00  0.20   307 -0.67  0.99 -0.72  0.65
 0.20  0.40   112 -0.51  1.12 -0.68  0.73
 0.40  0.60   239 -0.79  1.11 -0.67  0.74
 0.60  0.80   376 -0.89  1.12 -0.61  0.77
 0.80  1.00   565 -0.93  1.09 -0.72  0.77
 1.00  1.20   399 -0.83  1.04 -0.81  0.74
 1.20  1.40   331 -1.02  1.13 -0.81  0.78
 1.40  1.60   259 -1.15  1.15 -0.59  0.81
 1.60  1.80   217 -1.10  1.16 -0.75  0.81
 1.80  2.00   319 -1.16  1.15 -0.76  0.78
 2.00  2.20   277 -1.16  1.14 -0.58  0.78
 2.20  2.40    94 -0.63  1.00 -0.46  0.61
 2.40  2.60     1  0.76  0.76  0.42  0.42
Y slices: y_from y_to n zmin zmax xmin xmax
-1.16 -0.96   129  1.39  2.04 -0.52  0.45
-0.96 -0.76   338  0.53  2.11 -0.81  0.58
-0.76 -0.56   989  0.00  2.27 -0.81  0.68
-0.56 -0.36   737  0.00  2.35 -0.76  0.74
-0.36 -0.16   360  0.00  2.31 -0.75  0.74
-0.16  0.04   243  0.00  2.21 -0.69  0.73
 0.04  0.24   108  0.00  2.04 -0.62  0.70
 0.24  0.44   127  0.00  2.29 -0.52  0.64
 0.44  0.64   165  0.00  2.35 -0.41  0.71
 0.64  0.84   101  0.00  2.40 -0.03  0.79
 0.84  1.04   116  0.08  2.28  0.01  0.81
 1.04  1.24    83  0.25  2.18  0.24  0.78
PREP_DONE
