meshes in: [('Mesh_0', 14999)]
tris before 14999
tris after 14999
bbox min (-0.57, -1.45, 0.0) max (0.57, 1.45, 2.4)
Z slices: z_from z_to n ymin ymax xmin xmax  (y<0 = 'front' side of view)
 0.00  0.20   496 -1.45  0.78 -0.50  0.35
 0.20  0.40   246 -1.16  0.86 -0.44  0.19
 0.40  0.60   385 -1.04  1.07 -0.48  0.29
 0.60  0.80   566 -0.88  1.22 -0.50  0.32
 0.80  1.00   667 -0.76  1.27 -0.48  0.36
 1.00  1.20   727 -0.65  1.26 -0.47  0.38
 1.20  1.40   739 -0.61  1.37 -0.55  0.37
 1.40  1.60  1148 -0.67  1.45 -0.52  0.39
 1.60  1.80   959 -0.78  1.43 -0.57  0.57
 1.80  2.00   692 -0.78  1.40 -0.54  0.53
 2.00  2.20   553 -0.58  1.29 -0.52  0.54
 2.20  2.40   160 -0.40  1.03 -0.24  0.53
 2.40  2.60     1  0.06  0.06 -0.20 -0.20
Y slices: y_from y_to n zmin zmax xmin xmax
-1.45 -1.25    50  0.01  0.14 -0.22  0.32
-1.25 -1.05   123  0.00  0.38 -0.24  0.35
-1.05 -0.85   146  0.02  0.72 -0.21  0.31
-0.85 -0.65   215  0.07  1.88 -0.48  0.37
-0.65 -0.45   485  0.01  2.17 -0.50  0.53
-0.45 -0.25   701  0.01  2.31 -0.57  0.57
-0.25 -0.05   949  0.01  2.35 -0.55  0.57
-0.05  0.15  1086  0.34  2.40 -0.53  0.53
 0.15  0.35   827  0.01  1.94 -0.54  0.39
 0.35  0.55   667  0.01  2.03 -0.42  0.34
 0.55  0.75   487  0.03  2.20 -0.51  0.43
 0.75  0.95   392  0.18  2.22 -0.54  0.46
 0.95  1.15   532  0.54  2.21 -0.53  0.45
 1.15  1.35   518  0.69  2.13 -0.49  0.41
 1.35  1.55   161  1.36  1.91 -0.31  0.25
PREP_DONE
