meshes in: [('Mesh_0', 14999)]
tris before 14999
tris after 14999
bbox min (-1.04, -0.7, 0.0) max (1.04, 0.7, 2.4)
Z slices: z_from z_to n ymin ymax xmin xmax  (y<0 = 'front' side of view)
 0.00  0.20   503 -0.42  0.12 -0.42  0.71
 0.20  0.40   304 -0.25  0.47 -0.63  0.56
 0.40  0.60   288 -0.36  0.59 -0.80  0.70
 0.60  0.80   703 -0.68  0.66 -0.85  1.02
 0.80  1.00   905 -0.70  0.68 -0.85  1.04
 1.00  1.20   985 -0.67  0.67 -0.96  1.02
 1.20  1.40   945 -0.62  0.69 -1.03  1.00
 1.40  1.60   872 -0.57  0.70 -1.04  0.99
 1.60  1.80   641 -0.52  0.68 -1.02  0.83
 1.80  2.00   537 -0.52  0.61 -0.88  0.69
 2.00  2.20   441 -0.49  0.26 -0.32  0.54
 2.20  2.40   278 -0.33  0.19 -0.29  0.51
 2.40  2.60     1 -0.25 -0.25  0.18  0.18
Y slices: y_from y_to n zmin zmax xmin xmax
-0.70 -0.50   642  0.70  1.83  0.02  1.04
-0.50 -0.30  2254  0.01  2.37 -0.41  1.04
-0.30 -0.10  1626  0.00  2.40 -0.46  0.86
-0.10  0.10  1185  0.00  2.35 -0.73  0.79
 0.10  0.30   905  0.05  2.33 -0.94  0.63
 0.30  0.50   450  0.31  1.97 -1.04  0.35
 0.50  0.70   336  0.44  1.90 -1.01 -0.16
 0.70  0.90     5  1.47  1.57 -0.58 -0.48
PREP_DONE
