meshes in: [('Mesh_0', 3065780)]
tris before 3065780
tris after 7000
bbox min (-0.8, -1.32, 0.0) max (0.8, 1.32, 2.4)
Z slices: z_from z_to n ymin ymax xmin xmax  (y<0 = 'front' side of view)
 0.00  0.20   421 -0.76  1.02 -0.60  0.61
 0.20  0.40   135 -0.87  1.18 -0.66  0.66
 0.40  0.60   284 -0.88  1.29 -0.75  0.75
 0.60  0.80   700 -0.89  1.32 -0.80  0.80
 0.80  1.00   549 -0.89  1.31 -0.74  0.76
 1.00  1.20   237 -0.89  1.27 -0.50  0.52
 1.20  1.40   168 -1.32  1.25 -0.48  0.41
 1.40  1.60   238 -1.32  1.32 -0.50  0.49
 1.60  1.80   195 -1.20  1.32 -0.50  0.46
 1.80  2.00   311 -1.12  1.31 -0.51  0.46
 2.00  2.20   173 -0.90  1.27 -0.48  0.45
 2.20  2.40    85 -0.69  1.09 -0.39  0.34
 2.40  2.60     1  0.72  0.72 -0.06 -0.06
Y slices: y_from y_to n zmin zmax xmin xmax
-1.32 -1.12   126  1.28  1.80 -0.48  0.36
-1.12 -0.92    93  1.21  1.91 -0.48  0.46
-0.92 -0.72   471  0.00  2.16 -0.52  0.55
-0.72 -0.52   584  0.00  2.31 -0.69  0.63
-0.52 -0.32   493  0.00  2.23 -0.75  0.75
-0.32 -0.12   226  0.00  1.66 -0.80  0.80
-0.12  0.08   209  0.00  1.27 -0.75  0.76
 0.08  0.28   287  0.01  2.13 -0.66  0.71
 0.28  0.48   347  0.06  2.28 -0.60  0.59
 0.48  0.68   221  0.02  2.39 -0.47  0.40
 0.68  0.88   133  0.03  2.40 -0.49  0.43
 0.88  1.08   106  0.09  2.29 -0.48  0.43
 1.08  1.28   166  0.23  2.21 -0.41  0.37
 1.28  1.48    35  0.56  1.90 -0.31  0.20
PREP_DONE
