meshes in: [('Mesh_0', 12999)]
tris before 12999
tris after 12999
bbox min (-0.76, -1.03, 0.0) max (0.76, 1.03, 2.4)
Z slices: z_from z_to n ymin ymax xmin xmax  (y<0 = 'front' side of view)
 0.00  0.20    95 -0.46  0.06 -0.51  0.47
 0.20  0.40    17 -0.25  0.04 -0.35  0.33
 0.40  0.60    57 -0.38  0.10 -0.43  0.39
 0.60  0.80   594 -0.99  0.55 -0.61  0.37
 0.80  1.00   855 -1.02  0.66 -0.73  0.47
 1.00  1.20  1133 -1.03  0.70 -0.76  0.53
 1.20  1.40   813 -1.01  0.85 -0.72  0.58
 1.40  1.60   873 -0.98  0.99 -0.62  0.73
 1.60  1.80   219 -0.61  1.03 -0.38  0.76
 1.80  2.00   151 -0.68  0.99 -0.39  0.74
 2.00  2.20   175 -0.53  0.87 -0.34  0.64
 2.20  2.40   151 -0.50  0.08 -0.31  0.28
Y slices: y_from y_to n zmin zmax xmin xmax
-1.03 -0.83   498  0.67  1.55 -0.75  0.13
-0.83 -0.63  1478  0.69  1.92 -0.76  0.28
-0.63 -0.43  1377  0.02  2.30 -0.69  0.41
-0.43 -0.23   623  0.00  2.38 -0.69  0.47
-0.23 -0.03   549  0.00  2.40 -0.55  0.44
-0.03  0.17   309  0.00  2.34 -0.41  0.51
 0.17  0.37    54  0.71  2.10 -0.09  0.59
 0.37  0.57    76  0.71  2.13 -0.09  0.70
 0.57  0.77    96  0.81  2.13  0.01  0.76
 0.77  0.97    51  1.38  2.07  0.19  0.75
 0.97  1.17    22  1.53  1.87  0.33  0.62
PREP_DONE
