@@LM2_BEGIN@@
TERR|Silver olive tree|666|-858|11|10|57
TERR|Silver olive tree|666|-800|11|10|57
TERR|Lemon tree|626|-945|11|10|45
TERR|Irrigation cross channel|626|-918|16|0|35
TERR|Silver olive tree|715|-829|11|10|69
TERR|Irrigation cross channel|626|-941|16|0|35
TERR|Silver olive tree|715|-887|11|10|69
TERR|Silver olive tree|715|-858|11|10|69
TERR|Irrigation cross channel|626|-895|16|0|35
TERR|Irrigation cross channel|715|-941|16|0|59
TERR|Lemon tree|626|-887|11|10|45
TERR|Lemon tree|626|-858|11|10|45
TERR|Irrigation cross channel|626|-803|16|0|35
TERR|Irrigation cross channel|626|-826|16|0|35
TERR|Harvested lemons|624|-777|0|0|38
TERR|Irrigation cross channel|626|-872|16|0|35
TERR|Orchard produce crate|624|-777|3|2|37
TERR|Irrigation cross channel|626|-849|16|0|35
TERR|Harvested lemons|625|-777|0|0|38
TERR|Harvested lemons|625|-777|0|0|38
TERR|Harvested lemons|624|-777|0|0|38
TERR|Irrigation cross channel|715|-826|16|0|59
TERR|Terrace irrigation channel|618|-872|1|146|35
TERR|Irrigation cross channel|715|-849|16|0|59
TERR|Irrigation cross channel|715|-918|16|0|59
TERR|Irrigation cross channel|715|-872|16|0|59
TERR|Irrigation cross channel|715|-895|16|0|59
TERR|Lemon tree|626|-800|11|10|45
TERR|Lemon tree|626|-829|11|10|45
TERR|Silver olive tree|715|-945|11|10|69
TERR|Harvested lemons|666|-777|0|0|50
TERR|Silver olive tree|666|-829|11|10|57
TERR|Harvested lemons|665|-777|0|0|50
TERR|Harvested lemons|666|-777|0|0|50
TERR|Silver olive tree|715|-916|11|10|69
TERR|Orchard produce crate|712|-790|3|2|61
TERR|Orchard produce crate|665|-777|3|2|49
TERR|Harvested lemons|623|-777|0|0|38
TERR|Harvested lemons|623|-777|0|0|38
TERR|Harvested lemons|664|-777|0|0|50
TERR|Harvested lemons|665|-777|0|0|50
TERR|Irrigation cross channel|715|-803|16|0|59
TERR|Terrace irrigation channel|707|-872|1|146|59
TERR|Harvested lemons|713|-790|0|0|62
TERR|Harvested lemons|712|-790|0|0|62
TERR|Harvested lemons|711|-790|0|0|62
TERR|Harvested lemons|664|-777|0|0|50
TERR|Harvested lemons|712|-790|0|0|62
TERR|Harvested lemons|711|-790|0|0|62
TERR|Harvested lemons|713|-790|0|0|62
TERR|LIMONETO • OLIVETO|630|-760|0|8|40
TERR|Silver olive tree|715|-800|11|10|69
TERR|Irrigation cross channel|666|-941|16|0|47
TERR|Irrigation cross channel|666|-895|16|0|47
TERR|Irrigation cross channel|666|-872|16|0|47
TERR|Silver olive tree|666|-945|11|10|57
TERR|Irrigation cross channel|666|-918|16|0|47
TERR|Irrigation cross channel|666|-826|16|0|47
TERR|Irrigation cross channel|666|-849|16|0|47
TERR|Terrace irrigation channel|658|-872|1|146|47
TERR|Irrigation cross channel|666|-803|16|0|47
TERR|Silver olive tree|666|-916|11|10|57
TERR|Lemon tree|626|-916|11|10|45
TERR|Silver olive tree|666|-887|11|10|57
PIER|Molo dei Pescatori|218|-637|27|5|-48|yaw 90
PIER|Attached boat moorings|205|-662|11|66|-48|yaw 0
PIER|Stella Marina|214|-646|13|5|-39|yaw 90
PIER|Azzurra|193|-667|8|17|-44|yaw 8
PIER|Rosina|206|-628|11|5|-51|yaw 90
PIER|Molo delle Reti|212|-685|30|5|-48|yaw 90
PIER|La Limonaia|205|-694|12|5|-51|yaw 90
PIER|Gangway short post|216|-682|0|0|-47|yaw 0
PIER|Gangway edge beam|226|-640|14|0|-46|yaw 0
PIER|Gangway short post|220|-682|0|0|-46|yaw 0
PIER|Buoy cap|186|-689|1|1|-52|yaw 0
PIER|Gangway edge beam|223|-688|14|0|-46|yaw 0
PIER|Gangway short post|222|-640|0|0|-46|yaw 0
PIER|Gangway short post|226|-640|0|0|-45|yaw 0
PIER|Gangway short post|220|-688|0|0|-46|yaw 0
PIER|Gangway handrail|223|-682|14|0|-44|yaw 90
PIER|Harbour buoy|186|-689|1|1|-52|yaw 0
PIER|Gangway handrail|226|-640|14|0|-44|yaw 90
PIER|Gentle timber gangway|223|-685|14|5|-46|yaw 0
PIER|Buoy cap|204|-738|1|1|-52|yaw 0
PIER|Gangway handrail|223|-688|14|0|-44|yaw 90
PIER|Gangway edge beam|223|-682|14|0|-46|yaw 0
PIER|Harbour buoy|226|-720|1|1|-52|yaw 0
PIER|Gentle timber gangway|226|-637|14|5|-46|yaw 0
PIER|Buoy cap|226|-720|1|1|-52|yaw 0
PIER|Gangway short post|227|-682|0|0|-45|yaw 0
PIER|Gangway short post|223|-682|0|0|-45|yaw 0
PIER|Gangway short post|222|-634|0|0|-46|yaw 0
PIER|Harbour buoy|171|-721|1|1|-52|yaw 0
PIER|Gangway short post|233|-634|0|0|-44|yaw 0
PIER|Gangway short post|229|-634|0|0|-45|yaw 0
PIER|Gangway short post|219|-634|0|0|-47|yaw 0
PIER|Gangway short post|227|-688|0|0|-45|yaw 0
PIER|Gangway short post|226|-634|0|0|-45|yaw 0
PIER|Gangway short post|229|-640|0|0|-45|yaw 0
PIER|Gangway short post|233|-640|0|0|-44|yaw 0
PIER|Gangway handrail|226|-634|14|0|-44|yaw 90
PIER|Gangway short post|223|-688|0|0|-45|yaw 0
PIER|Gangway short post|216|-688|0|0|-47|yaw 0
PIER|Harbour buoy|204|-738|1|1|-52|yaw 0
PIER|Gangway short post|219|-640|0|0|-47|yaw 0
PIER|Buoy cap|171|-721|1|1|-52|yaw 0
PIER|Gangway short post|230|-688|0|0|-44|yaw 0
PIER|Gangway edge beam|226|-634|14|0|-46|yaw 0
PIER|Gangway short post|230|-682|0|0|-44|yaw 0
ROUTE|Salita degli Ulivi|281|688,-768,53,0.71,0.71,8,1;592,-728,18,0.00,1.00,8,1;593,-728,17,0.00,1.00,8,1;593,-728,19,0.00,1.00,8,1;594,-728,19,0.00,1.00,8,1;690,-769,53,0.71,0.71,8,1;593,-728,17,0.00,1.00,8,1;687,-766,53,0.71,0.71,8,1;594,-728,18,0.00,1.00,8,1;686,-765,51,0.71,0.71,8,1;583,-732,15,1.00,-0.00,7,1;687,-766,53,0.71,0.71,8,1;687,-766,52,0.71,0.71,8,1;595,-728,18,0.00,1.00,8,1;668,-755,47,0.00,1.00,8,5;594,-728,17,0.00,1.00,8,1;687,-766,51,0.71,0.71,8,1;684,-763,51,0.71,0.71,8,1;591,-728,16,0.00,1.00,8,1;594,-728,20,0.00,1.00,8,1;688,-767,53,0.71,0.71,8,1;688,-767,52,0.71,0.71,8,1;595,-728,20,0.00,1.00,8,1;683,-762,48,0.71,0.71,8,1;683,-762,50,0.71,0.71,8,1;592,-728,17,0.00,1.00,8,1;598,-732,27,1.00,-0.00,23,1;591,-728,16,0.00,1.00,8,1;658,-755,47,0.00,1.00,8,5;591,-728,17,0.00,1.00,8,1;553,-728,11,-0.00,-1.00,8,8;682,-761,48,0.71,0.71,8,1;681,-760,48,0.71,0.71,8,1;691,-770,54,0.71,0.71,8,1;663,-755,47,0.00,1.00,8,5;691,-770,56,0.71,0.71,8,1;673,-755,47,0.00,1.00,8,5;598,-724,27,1.00,-0.00,23,1;656,-749,51,0.69,-0.72,4,1;602,-728,23,0.00,1.00,8,1;602,-728,27,0.00,1.00,8,1;602,-728,25,0.00,1.00,8,1;651,-755,51,0.69,-0.72,7,1;614,-732,39,1.00,-0.00,7,1;677,-761,51,0.71,-0.71,4,1;683,-762,50,0.71,0.71,8,1;587,-728,12,0.00,1.00,8,1;683,-762,49,0.71,0.71,8,1;587,-728,11,0.00,1.00,8,1;684,-763,49,0.71,0.71,8,1;587,-728,12,0.00,1.00,8,1;582,-728,11,0.00,1.00,8,3;646,-739,45,0.69,-0.72,24,1;585,-728,11,0.00,1.00,8,3;682,-761,49,0.71,0.71,8,1;573,-728,11,0.00,1.00,8,5;578,-728,11,0.00,1.00,8,5;569,-728,11,0.00,1.00,8,5;583,-724,15,1.00,-0.00,7,1;564,-728,11,0.00,1.00,8,5;560,-728,11,0.00,1.00,8,5;609,-728,32,0.00,1.00,8,1;610,-728,33,0.00,1.00,8,1;701,-780,59,-0.00,-1.00,8,8;610,-728,36,0.00,1.00,8,1;555,-728,11,0.00,1.00,8,5;609,-728,33,0.00,1.00,8,1;676,-755,47,-0.00,-1.00,8,8;609,-728,35,0.00,1.00,8,1;615,-728,35,0.00,1.00,8,3;696,-780,63,0.71,-0.71,7,1;630,-728,35,-0.00,-1.00,8,8;656,-755,47,-0.00,-1.00,8,8;609,-728,35,0.00,1.00,8,1;617,-728,35,-0.00,-1.00,8,8;609,-728,34,0.00,1.00,8,1;580,-728,11,-0.00,-1.00,8,8;602,-728,28,0.00,1.00,8,1;608,-728,32,0.00,1.00,8,1;608,-728,31,0.00,1.00,8,1;608,-728,34,0.00,1.00,8,1;606,-728,32,0.00,1.00,8,1;604,-728,30,0.00,1.00,8,1;604,-728,27,0.00,1.00,8,1;606,-728,30,0.00,1.00,8,1;608,-728,31,0.00,1.00,8,1;603,-728,29,0.00,1.00,8,1;608,-728,34,0.00,1.00,8,1;603,-728,26,0.00,1.00,8,1;607,-728,33,0.00,1.00,8,1;686,-770,57,0.71,-0.71,22,1;602,-728,28,0.00,1.00,8,1;603,-728,29,0.00,1.00,8,1;602,-728,25,0.00,1.00,8,1;643,-741,42,0.72,0.69,8,1;681,-760,47,0.71,0.71,8,1;685,-764,50,0.71,0.71,8,1;642,-741,40,0.72,0.69,8,1;685,-764,50,0.71,0.71,8,1;642,-740,40,0.72,0.69,8,1;642,-741,41,0.72,0.69,8,1;685,-764,51,0.71,0.71,8,1;603,-728,26,0.00,1.00,8,1;682,-761,49,0.71,0.71,8,1;682,-761,48,0.71,0.71,8,1;644,-742,41,0.72,0.69,8,1;640,-739,39,0.72,0.69,8,1;680,-759,47,0.71,0.71,8,3;677,-756,47,0.71,0.71,8,3;643,-742,42,0.72,0.69,8,1;643,-742,41,0.72,0.69,8,1;607,-728,30,0.00,1.00,8,1;612,-728,34,0.00,1.00,8,3;607,-728,33,0.00,1.00,8,1;610,-728,33,0.00,1.00,8,1;607,-728,31,0.00,1.00,8,1;684,-763,50,0.71,0.71,8,1;606,-728,29,0.00,1.00,8,1;684,-763,51,0.71,0.71,8,1;606,-728,32,0.00,1.00,8,1;686,-765,52,0.71,0.71,8,1;605,-728,28,0.00,1.00,8,1;686,-765,52,0.71,0.71,8,1;605,-728,31,0.00,1.00,8,1;686,-765,51,0.71,0.71,8,1;605,-728,28,0.00,1.00,8,1;610,-728,36,0.00,1.00,8,1;604,-728,27,0.00,1.00,8,1;696,-775,58,0.71,0.71,8,1;606,-728,29,0.00,1.00,8,1;605,-728,31,0.00,1.00,8,1;696,-775,60,0.71,0.71,8,1;695,-774,57,0.71,0.71,8,1;606,-728,31,0.00,1.00,8,1;695,-774,59,0.71,0.71,8,1;604,-728,30,0.00,1.00,8,1;695,-774,59,0.71,0.71,8,1;695,-774,57,0.71,0.71,8,1;651,-750,48,0.72,0.69,8,1;604,-728,27,0.00,1.00,8,1;651,-750,46,0.72,0.69,8,1;604,-728,29,0.00,1.00,8,1;651,-749,48,0.72,0.69,8,1;647,-746,45,0.72,0.69,8,1;648,-746,46,0.72,0.69,8,1;648,-746,44,0.72,0.69,8,1;634,-732,35,0.72,0.69,8,3;648,-747,44,0.72,0.69,8,1;636,-734,36,0.72,0.69,8,1;636,-734,36,0.72,0.69,8,1;636,-734,37,0.72,0.69,8,1;635,-733,36,0.72,0.69,8,1;648,-747,46,0.72,0.69,8,1;635,-733,35,0.72,0.69,8,1;649,-748,46,0.72,0.69,8,1;649,-747,44,0.72,0.69,8,1;692,-771,55,0.71,0.71,8,1;690,-769,55,0.71,0.71,8,1;692,-771,55,0.71,0.71,8,1;624,-728,35,0.00,1.00,8,4;691,-770,54,0.71,0.71,8,1;690,-769,54,0.71,0.71,8,1;691,-770,56,0.71,0.71,8,1;690,-769,55,0.71,0.71,8,1;694,-773,58,0.71,0.71,8,1;694,-773,57,0.71,0.71,8,1;628,-728,35,0.00,1.00,8,4;694,-773,56,0.71,0.71,8,1;619,-728,35,0.00,1.00,8,4;693,-772,56,0.71,0.71,8,1;631,-729,35,0.72,0.69,8,3;641,-739,41,0.72,0.69,8,1;641,-740,39,0.72,0.69,8,1;700,-779,59,0.71,0.71,8,3;652,-751,46,0.72,0.69,8,3;640,-739,40,0.72,0.69,8,1;655,-754,47,0.72,0.69,8,3;641,-739,39,0.72,0.69,8,1;635,-728,39,0.69,-0.72,7,1;696,-775,60,0.71,0.71,8,1;697,-776,58,0.71,0.71,8,3;639,-737,39,0.72,0.69,8,1;638,-737,38,0.72,0.69,8,1;692,-771,57,0.71,0.71,8,1;693,-772,56,0.71,0.71,8,1;642,-740,41,0.72,0.69,8,1;692,-771,57,0.71,0.71,8,1;638,-736,39,0.72,0.69,8,1;614,-724,39,1.00,-0.00,7,1;639,-738,39,0.72,0.69,8,1;640,-738,38,0.72,0.69,8,1;640,-738,40,0.72,0.69,8,1;639,-737,38,0.72,0.69,8,1;640,-744,45,0.69,-0.72,24,1;638,-736,37,0.72,0.69,8,1;637,-735,38,0.72,0.69,8,1;638,-736,38,0.72,0.69,8,1;646,-744,42,0.72,0.69,8,1;637,-736,37,0.72,0.69,8,1;637,-735,36,0.72,0.69,8,1;646,-744,44,0.72,0.69,8,1;636,-735,37,0.72,0.69,8,1;599,-728,21,0.00,1.00,8,1;630,-734,39,0.69,-0.72,4,1;598,-728,24,0.00,1.00,8,1;598,-728,20,0.00,1.00,8,1;693,-772,58,0.71,0.71,8,1;645,-744,43,0.72,0.69,8,1;599,-728,25,0.00,1.00,8,1;693,-772,58,0.71,0.71,8,1;645,-743,42,0.72,0.69,8,1;599,-728,24,0.00,1.00,8,1;649,-748,45,0.72,0.69,8,1;599,-728,21,0.00,1.00,8,1;600,-728,26,0.00,1.00,8,1;645,-744,42,0.72,0.69,8,1;650,-748,47,0.72,0.69,8,1;600,-728,22,0.00,1.00,8,1;600,-728,25,0.00,1.00,8,1;650,-749,45,0.72,0.69,8,1;600,-728,21,0.00,1.00,8,1;650,-749,45,0.72,0.69,8,1;601,-728,22,0.00,1.00,8,1;650,-749,47,0.72,0.69,8,1;600,-728,26,0.00,1.00,8,1;646,-745,44,0.72,0.69,8,1;646,-745,43,0.72,0.69,8,1;600,-728,22,0.00,1.00,8,1;601,-728,27,0.00,1.00,8,1;647,-746,43,0.72,0.69,8,1;601,-728,22,0.00,1.00,8,1;647,-745,45,0.72,0.69,8,1;601,-728,27,0.00,1.00,8,1;644,-742,43,0.72,0.69,8,1;595,-728,18,0.00,1.00,8,1;595,-728,18,0.00,1.00,8,1;644,-743,43,0.72,0.69,8,1;596,-728,22,0.00,1.00,8,1;595,-728,21,0.00,1.00,8,1;644,-743,41,0.72,0.69,8,1;591,-728,15,0.00,1.00,8,1;591,-728,15,0.00,1.00,8,1;596,-728,19,0.00,1.00,8,1;590,-728,16,0.00,1.00,8,1;596,-728,21,0.00,1.00,8,1;590,-728,14,0.00,1.00,8,1;597,-728,19,0.00,1.00,8,1;590,-728,15,0.00,1.00,8,1;597,-728,22,0.00,1.00,8,1;596,-728,19,0.00,1.00,8,1;597,-728,20,0.00,1.00,8,1;590,-728,15,0.00,1.00,8,1;596,-728,22,0.00,1.00,8,1;589,-728,15,0.00,1.00,8,1;597,-728,23,0.00,1.00,8,1;590,-728,15,0.00,1.00,8,1;597,-728,19,0.00,1.00,8,1;589,-728,14,0.00,1.00,8,1;598,-728,20,0.00,1.00,8,1;598,-728,24,0.00,1.00,8,1;589,-728,14,0.00,1.00,8,1;589,-728,13,0.00,1.00,8,1;589,-728,13,0.00,1.00,8,1;598,-728,23,0.00,1.00,8,1;588,-728,14,0.00,1.00,8,1;681,-755,51,0.71,-0.71,7,1;588,-728,13,0.00,1.00,8,1;588,-728,13,0.00,1.00,8,1;588,-728,12,0.00,1.00,8,1;592,-728,16,0.00,1.00,8,1;588,-728,13,0.00,1.00,8,1;689,-768,54,0.71,0.71,8,1;690,-764,56,0.71,-0.71,19,1;593,-728,18,0.00,1.00,8,1;688,-767,54,0.71,0.71,8,1;592,-728,16,0.00,1.00,8,1;592,-728,17,0.00,1.00,8,1;689,-768,53,0.71,0.71,8,1;593,-728,17,0.00,1.00,8,1;689,-768,55,0.71,0.71,8,1;594,-728,19,0.00,1.00,8,1
ROUTE|Scalinata dei Fiori|142|517,-858,9,0.00,1.00,8,1;516,-858,11,0.00,1.00,8,1;515,-858,7,0.00,1.00,8,1;502,-858,-6,0.00,1.00,8,1;502,-858,-8,0.00,1.00,8,1;502,-858,-9,0.00,1.00,8,1;501,-858,-9,0.00,1.00,8,1;501,-858,-7,0.00,1.00,8,1;503,-858,-5,0.00,1.00,8,1;501,-858,-7,0.00,1.00,8,1;531,-858,11,0.00,1.00,8,5;517,-858,12,0.00,1.00,8,1;517,-858,9,0.00,1.00,8,1;493,-862,-9,1.00,-0.00,7,1;526,-858,11,0.00,1.00,8,5;541,-858,11,0.00,1.00,8,5;546,-858,11,0.00,1.00,8,5;502,-858,-6,0.00,1.00,8,1;536,-858,11,0.00,1.00,8,5;503,-858,-4,0.00,1.00,8,1;505,-858,-2,0.00,1.00,8,1;503,-858,-7,0.00,1.00,8,1;505,-858,-5,0.00,1.00,8,1;505,-858,-6,0.00,1.00,8,1;504,-858,-3,0.00,1.00,8,1;505,-858,-2,0.00,1.00,8,1;505,-858,-6,0.00,1.00,8,1;503,-858,-5,0.00,1.00,8,1;503,-858,-8,0.00,1.00,8,1;503,-858,-7,0.00,1.00,8,1;502,-858,-8,0.00,1.00,8,1;502,-858,-5,0.00,1.00,8,1;504,-858,-3,0.00,1.00,8,1;504,-858,-7,0.00,1.00,8,1;504,-858,-4,0.00,1.00,8,1;504,-858,-6,0.00,1.00,8,1;508,-858,1,0.00,1.00,8,1;508,-858,-1,0.00,1.00,8,1;507,-858,-2,0.00,1.00,8,1;507,-858,0,0.00,1.00,8,1;507,-858,0,0.00,1.00,8,1;507,-858,-2,0.00,1.00,8,1;507,-858,-0,0.00,1.00,8,1;509,-858,0,0.00,1.00,8,1;508,-858,2,0.00,1.00,8,1;509,-858,2,0.00,1.00,8,1;504,-858,-6,0.00,1.00,8,1;483,-858,-13,0.00,1.00,8,5;488,-858,-13,0.00,1.00,8,5;506,-858,-3,0.00,1.00,8,1;474,-858,-13,0.00,1.00,8,5;478,-858,-13,0.00,1.00,8,5;469,-858,-13,0.00,1.00,8,5;506,-858,-4,0.00,1.00,8,1;553,-858,11,-0.00,-1.00,8,8;464,-858,-13,0.00,1.00,8,5;506,-858,-1,0.00,1.00,8,1;506,-858,-5,0.00,1.00,8,1;506,-858,-2,0.00,1.00,8,1;506,-858,-1,0.00,1.00,8,1;498,-858,-11,0.00,1.00,8,1;498,-858,-12,0.00,1.00,8,1;509,-858,1,0.00,1.00,8,1;462,-858,-13,-0.00,-1.00,8,8;524,-858,11,-0.00,-1.00,8,8;509,-858,1,0.00,1.00,8,1;490,-858,-13,-0.00,-1.00,8,8;509,-858,3,0.00,1.00,8,1;497,-858,-12,0.00,1.00,8,1;497,-858,-13,0.00,1.00,8,1;492,-858,-13,0.00,1.00,8,3;495,-858,-13,0.00,1.00,8,3;507,-854,3,1.00,-0.00,20,1;508,-858,1,0.00,1.00,8,1;498,-858,-10,0.00,1.00,8,1;498,-858,-10,0.00,1.00,8,1;508,-858,-0,0.00,1.00,8,1;498,-858,-12,0.00,1.00,8,1;498,-858,-12,0.00,1.00,8,1;508,-858,-1,0.00,1.00,8,1;501,-858,-7,0.00,1.00,8,1;510,-858,3,0.00,1.00,8,1;501,-858,-10,0.00,1.00,8,1;500,-858,-8,0.00,1.00,8,1;509,-858,3,0.00,1.00,8,1;500,-858,-10,0.00,1.00,8,1;493,-854,-9,1.00,-0.00,7,1;510,-858,1,0.00,1.00,8,1;500,-858,-8,0.00,1.00,8,1;500,-858,-10,0.00,1.00,8,1;521,-862,15,1.00,-0.00,7,1;497,-858,-11,0.00,1.00,8,1;497,-858,-12,0.00,1.00,8,1;500,-858,-11,0.00,1.00,8,1;507,-862,3,1.00,-0.00,20,1;499,-858,-11,0.00,1.00,8,1;500,-858,-9,0.00,1.00,8,1;499,-858,-11,0.00,1.00,8,1;499,-858,-9,0.00,1.00,8,1;499,-858,-11,0.00,1.00,8,1;499,-858,-9,0.00,1.00,8,1;512,-858,6,0.00,1.00,8,1;510,-858,2,0.00,1.00,8,1;510,-858,2,0.00,1.00,8,1;510,-858,4,0.00,1.00,8,1;510,-858,4,0.00,1.00,8,1;511,-858,5,0.00,1.00,8,1;521,-854,15,1.00,-0.00,7,1;512,-858,4,0.00,1.00,8,1;512,-858,3,0.00,1.00,8,1;511,-858,5,0.00,1.00,8,1;511,-858,3,0.00,1.00,8,1;511,-858,2,0.00,1.00,8,1;514,-858,6,0.00,1.00,8,1;514,-858,5,0.00,1.00,8,1;514,-858,9,0.00,1.00,8,1;514,-858,8,0.00,1.00,8,1;515,-858,10,0.00,1.00,8,1;514,-858,8,0.00,1.00,8,1;515,-858,7,0.00,1.00,8,1;514,-858,5,0.00,1.00,8,1;513,-858,7,0.00,1.00,8,1;513,-858,7,0.00,1.00,8,1;513,-858,4,0.00,1.00,8,1;511,-858,5,0.00,1.00,8,1;511,-858,3,0.00,1.00,8,1;512,-858,6,0.00,1.00,8,1;513,-858,7,0.00,1.00,8,1;513,-858,5,0.00,1.00,8,1;512,-858,4,0.00,1.00,8,1;516,-858,11,0.00,1.00,8,1;519,-858,10,0.00,1.00,8,3;516,-858,8,0.00,1.00,8,1;516,-858,10,0.00,1.00,8,1;516,-858,8,0.00,1.00,8,1;517,-858,12,0.00,1.00,8,1;522,-858,11,0.00,1.00,8,3;551,-858,11,0.00,1.00,8,5;515,-858,9,0.00,1.00,8,1;515,-858,10,0.00,1.00,8,1;515,-858,6,0.00,1.00,8,1;516,-858,9,0.00,1.00,8,1
ROUTE|Sentiero del Faro|338|463,-1061,5,0.72,-0.69,5,1;318,-819,-36,1.00,-0.09,12,1;441,-1039,4,0.72,-0.69,58,1;495,-1118,1,0.85,0.53,12,5;503,-1136,1,0.94,0.35,12,5;319,-899,-13,0.27,-0.96,57,1;318,-818,-32,1.00,-0.09,12,1;318,-820,-32,1.00,-0.09,12,1;469,-1076,1,0.85,0.53,12,5;492,-1114,1,0.85,0.53,12,5;328,-931,-9,0.27,-0.96,10,1;472,-1080,1,0.85,0.53,12,5;505,-1140,1,0.94,0.35,12,5;510,-1154,1,0.94,0.35,12,5;466,-1072,1,0.85,0.53,12,5;477,-1089,1,0.85,0.53,12,5;508,-1149,1,0.94,0.35,12,5;482,-1097,1,0.85,0.53,12,5;502,-1131,1,0.94,0.35,12,5;479,-1093,1,0.85,0.53,12,5;500,-1126,1,0.94,0.35,12,5;487,-1105,1,0.85,0.53,12,5;344,-944,-12,0.76,0.65,12,2;321,-791,-48,0.99,-0.14,12,1;311,-831,-24,-0.09,-1.00,37,1;345,-946,-12,0.76,0.65,12,2;344,-945,-11,0.76,0.65,12,1;321,-792,-35,0.99,-0.14,12,1;321,-791,-35,0.99,-0.14,12,1;313,-808,-31,-0.09,-1.00,10,1;320,-792,-34,0.99,-0.14,12,1;513,-1163,1,0.94,0.35,12,5;474,-1085,1,0.85,0.53,12,5;498,-1122,1,0.85,0.53,12,5;319,-805,-41,1.00,-0.09,12,3;315,-844,-22,1.00,-0.09,12,1;315,-844,-29,1.00,-0.09,12,1;485,-1101,1,0.85,0.53,12,5;315,-843,-22,1.00,-0.09,12,1;319,-808,-42,1.00,-0.09,12,3;316,-843,-29,1.00,-0.09,12,1;490,-1109,1,0.85,0.53,12,5;319,-801,-43,0.99,-0.14,12,5;318,-811,-41,1.00,-0.09,12,3;317,-825,-29,1.00,-0.09,12,1;320,-796,-48,0.99,-0.14,12,5;320,-793,-34,0.99,-0.14,12,1;367,-962,-3,0.65,-0.76,58,1;323,-776,-52,0.99,-0.14,12,1;317,-827,-29,1.00,-0.09,12,1;320,-792,-48,0.99,-0.14,12,1;317,-826,-33,1.00,-0.09,12,1;317,-824,-30,1.00,-0.09,12,1;515,-1168,1,0.94,0.35,12,5;323,-775,-52,0.99,-0.14,12,1;323,-776,-43,0.99,-0.14,12,1;317,-827,-33,1.00,-0.09,12,1;387,-986,3,0.65,-0.76,4,1;320,-793,-48,0.99,-0.14,12,1;315,-848,-28,1.00,-0.09,12,1;317,-826,-29,1.00,-0.09,12,1;348,-950,-10,0.76,0.65,12,1;317,-823,-30,1.00,-0.09,12,1;315,-849,-20,1.00,-0.09,12,1;317,-822,-31,1.00,-0.09,12,1;317,-821,-34,1.00,-0.09,12,1;349,-951,-11,0.76,0.65,12,2;317,-821,-31,1.00,-0.09,12,1;346,-947,-12,0.76,0.65,12,2;314,-858,-28,1.00,-0.09,12,3;317,-823,-34,1.00,-0.09,12,1;318,-874,-27,0.96,0.27,12,3;346,-947,-11,0.76,0.65,12,1;317,-822,-34,1.00,-0.09,12,1;316,-832,-31,1.00,-0.09,12,1;347,-948,-10,0.76,0.65,12,1;348,-949,-11,0.76,0.65,12,2;317,-831,-27,1.00,-0.09,12,1;317,-831,-32,1.00,-0.09,12,1;317,-871,-27,0.96,0.27,12,3;318,-872,-20,0.96,0.27,12,1;316,-833,-31,1.00,-0.09,12,1;316,-834,-26,1.00,-0.09,12,1;316,-868,-28,0.96,0.27,12,3;315,-865,-28,0.96,0.27,12,3;314,-862,-28,0.96,0.27,12,3;316,-832,-27,1.00,-0.09,12,1;367,-971,-6,0.76,0.65,12,2;317,-828,-28,1.00,-0.09,12,1;317,-829,-32,1.00,-0.09,12,1;320,-882,-27,0.96,0.27,12,3;317,-828,-33,1.00,-0.09,12,1;320,-881,-18,0.96,0.27,12,1;319,-879,-27,0.96,0.27,12,3;317,-830,-27,1.00,-0.09,12,1;317,-830,-32,1.00,-0.09,12,1;319,-878,-19,0.96,0.27,12,1;319,-877,-27,0.96,0.27,12,3;317,-829,-28,1.00,-0.09,12,1;363,-967,-7,0.76,0.65,12,2;318,-875,-19,0.96,0.27,12,1;362,-966,-6,0.76,0.65,12,1;364,-967,-5,0.76,0.65,12,1;362,-965,-7,0.76,0.65,12,2;394,-1002,-1,0.69,0.72,12,3;361,-964,-6,0.76,0.65,12,1;392,-1000,-2,0.69,0.72,12,3;360,-963,-8,0.76,0.65,12,2;381,-987,-2,0.76,0.65,12,2;359,-963,-7,0.76,0.65,12,1;359,-962,-8,0.76,0.65,12,2;389,-997,-2,0.69,0.72,12,3;338,-938,-13,0.76,0.65,12,3;341,-940,-13,0.76,0.65,12,3;336,-935,-15,0.76,0.65,12,3;366,-971,-5,0.76,0.65,12,1;366,-970,-6,0.76,0.65,12,2;365,-969,-5,0.76,0.65,12,1;364,-968,-7,0.76,0.65,12,2;382,-990,-2,0.76,0.65,12,3;385,-992,-2,0.76,0.65,12,3;321,-790,-36,0.99,-0.14,12,1;387,-995,-2,0.76,0.65,12,3;321,-791,-48,0.99,-0.14,12,1;321,-789,-36,0.99,-0.14,12,1;322,-781,-40,0.99,-0.14,12,1;316,-838,-25,1.00,-0.09,12,1;316,-839,-24,1.00,-0.09,12,1;322,-781,-51,0.99,-0.14,12,1;316,-839,-30,1.00,-0.09,12,1;322,-781,-41,0.99,-0.14,12,1;332,-924,-12,0.96,0.27,12,1;331,-920,-24,0.96,0.27,12,3;316,-840,-24,1.00,-0.09,12,1;334,-929,-24,0.96,0.27,12,3;316,-840,-30,1.00,-0.09,12,1;322,-782,-50,0.99,-0.14,12,1;316,-841,-29,1.00,-0.09,12,1;316,-836,-25,1.00,-0.09,12,1;331,-919,-13,0.96,0.27,12,1;322,-783,-39,0.99,-0.14,12,1;316,-835,-30,1.00,-0.09,12,1;331,-921,-12,0.96,0.27,12,1;322,-782,-40,0.99,-0.14,12,1;316,-835,-26,1.00,-0.09,12,1;322,-783,-50,0.99,-0.14,12,1;332,-923,-24,0.96,0.27,12,3;316,-837,-25,1.00,-0.09,12,1;322,-784,-39,0.99,-0.14,12,1;322,-784,-50,0.99,-0.14,12,1;316,-834,-31,1.00,-0.09,12,1;333,-926,-24,0.96,0.27,12,3;315,-848,-21,1.00,-0.09,12,1;322,-783,-50,0.99,-0.14,12,1;316,-837,-30,1.00,-0.09,12,1;369,-974,-4,0.76,0.65,12,1;315,-845,-22,1.00,-0.09,12,1;322,-784,-39,0.99,-0.14,12,1;372,-977,-3,0.76,0.65,12,1;353,-955,-10,0.76,0.65,12,2;335,-932,-16,0.96,0.27,12,3;316,-836,-30,1.00,-0.09,12,1;321,-785,-50,0.99,-0.14,12,1;374,-980,-2,0.76,0.65,12,1;315,-845,-28,1.00,-0.09,12,1;374,-979,-4,0.76,0.65,12,2;353,-955,-9,0.76,0.65,12,1;315,-846,-28,1.00,-0.09,12,1;370,-975,-5,0.76,0.65,12,2;321,-785,-38,0.99,-0.14,12,1;352,-954,-10,0.76,0.65,12,2;370,-975,-3,0.76,0.65,12,1;368,-973,-5,0.76,0.65,12,2;315,-847,-28,1.00,-0.09,12,1;350,-951,-9,0.76,0.65,12,1;317,-824,-33,1.00,-0.09,12,1;351,-953,-9,0.76,0.65,12,1;368,-972,-4,0.76,0.65,12,1;351,-952,-10,0.76,0.65,12,2;357,-960,-8,0.76,0.65,12,2;316,-842,-23,1.00,-0.09,12,1;371,-976,-5,0.76,0.65,12,2;316,-841,-23,1.00,-0.09,12,1;379,-985,-1,0.76,0.65,12,1;315,-847,-21,1.00,-0.09,12,1;377,-983,-1,0.76,0.65,12,1;356,-959,-9,0.76,0.65,12,2;316,-842,-29,1.00,-0.09,12,1;358,-961,-7,0.76,0.65,12,1;373,-979,-2,0.76,0.65,12,1;357,-959,-7,0.76,0.65,12,1;372,-978,-4,0.76,0.65,12,2;355,-958,-8,0.76,0.65,12,1;314,-797,-31,-0.14,-0.99,10,1;323,-890,-26,0.96,0.27,12,3;321,-885,-26,0.96,0.27,12,3;354,-956,-8,0.76,0.65,12,1;355,-957,-9,0.76,0.65,12,2;322,-889,-17,0.96,0.27,12,1;315,-850,-20,1.00,-0.09,12,1;378,-984,-3,0.76,0.65,12,2;314,-855,-28,1.00,-0.09,12,3;330,-765,-44,-0.14,-0.99,10,1;315,-849,-28,1.00,-0.09,12,1;377,-983,-3,0.76,0.65,12,2;315,-852,-28,1.00,-0.09,12,3;375,-981,-3,0.76,0.65,12,2;323,-891,-17,0.96,0.27,12,1;376,-982,-2,0.76,0.65,12,1;319,-803,-42,-0.00,-1.00,12,12;310,-716,-50,-0.00,-1.00,12,12;325,-799,-31,-0.14,-0.99,10,1;325,-759,-54,-0.00,-1.00,12,12;314,-860,-28,-0.00,-1.00,12,12;328,-782,-37,-0.14,-0.99,25,1;499,-1124,1,-0.00,-1.00,12,12;445,-1051,2,0.69,0.72,12,1;335,-934,-16,-0.00,-1.00,12,12;461,-1066,1,0.69,0.72,12,3;388,-996,-2,-0.00,-1.00,12,12;465,-1070,1,-0.00,-1.00,12,12;323,-753,-54,0.94,0.33,12,5;451,-1057,0,0.72,-0.69,17,12;439,-1045,-0,0.72,-0.69,17,12;321,-748,-54,0.94,0.33,12,5;325,-761,-54,0.99,-0.14,12,5;408,-1015,0,0.69,0.72,12,1;324,-757,-54,0.94,0.33,12,5;458,-1063,2,0.69,0.72,12,1;464,-1069,1,0.69,0.72,12,3;324,-769,-54,0.99,-0.14,12,1;414,-1021,-17,0.72,-0.69,17,12;459,-1064,1,0.69,0.72,12,3;324,-766,-54,0.99,-0.14,12,5;433,-1039,1,0.69,0.72,12,1;324,-770,-53,0.99,-0.14,12,1;324,-769,-46,0.99,-0.14,12,1;420,-1027,1,0.69,0.72,12,1;402,-1009,-1,0.72,-0.69,17,12;321,-864,-17,0.27,-0.96,8,1;379,-986,-2,0.76,0.65,12,2;381,-988,0,0.76,0.65,12,1;426,-1033,-1,0.72,-0.69,17,12;380,-987,-0,0.76,0.65,12,1;317,-735,-54,0.94,0.33,12,5;321,-883,-18,0.96,0.27,12,1;315,-731,-54,0.94,0.33,12,5;324,-896,-26,0.96,0.27,12,3;338,-925,-9,0.27,-0.96,5,1;320,-744,-54,0.94,0.33,12,5;318,-740,-54,0.94,0.33,12,5;321,-886,-18,0.96,0.27,12,1;322,-887,-26,0.96,0.27,12,3;324,-894,-16,0.96,0.27,12,1;330,-895,-13,0.27,-0.96,57,1;324,-897,-16,0.96,0.27,12,1;325,-898,-25,0.96,0.27,12,3;325,-900,-16,0.96,0.27,12,1;327,-907,-25,0.96,0.27,12,3;328,-908,-14,0.96,0.27,12,1;322,-778,-42,0.99,-0.14,12,1;323,-893,-26,0.96,0.27,12,3;322,-777,-42,0.99,-0.14,12,1;323,-777,-43,0.99,-0.14,12,1;323,-777,-52,0.99,-0.14,12,1;330,-916,-13,0.96,0.27,12,1;322,-778,-51,0.99,-0.14,12,1;326,-901,-25,0.96,0.27,12,3;326,-902,-15,0.96,0.27,12,1;326,-904,-25,0.96,0.27,12,3;322,-780,-41,0.99,-0.14,12,1;309,-854,-17,-0.09,-1.00,10,1;327,-905,-15,0.96,0.27,12,1;329,-913,-14,0.96,0.27,12,1;322,-779,-51,0.99,-0.14,12,1;324,-809,-31,-0.09,-1.00,10,1;329,-912,-24,0.96,0.27,12,3;322,-779,-41,0.99,-0.14,12,1;322,-779,-51,0.99,-0.14,12,1;330,-915,-24,0.96,0.27,12,3;323,-771,-46,0.99,-0.14,12,1;330,-917,-24,0.96,0.27,12,3;323,-770,-46,0.99,-0.14,12,1;323,-771,-53,0.99,-0.14,12,1;322,-832,-24,-0.09,-1.00,37,1;328,-909,-25,0.96,0.27,12,3;322,-780,-51,0.99,-0.14,12,1;323,-773,-45,0.99,-0.14,12,1;328,-911,-14,0.96,0.27,12,1;323,-773,-53,0.99,-0.14,12,1;334,-942,-9,0.65,-0.76,10,1;342,-943,-13,0.76,0.65,12,2;323,-772,-45,0.99,-0.14,12,1;323,-772,-53,0.99,-0.14,12,1;343,-943,-12,0.76,0.65,12,1;323,-771,-53,0.99,-0.14,12,1;316,-780,-37,-0.14,-0.99,25,1;323,-774,-44,0.99,-0.14,12,1;323,-775,-52,0.99,-0.14,12,1;323,-773,-44,0.99,-0.14,12,1;323,-774,-52,0.99,-0.14,12,1;321,-786,-49,0.99,-0.14,12,1;318,-766,-44,-0.14,-0.99,4,1;321,-787,-49,0.99,-0.14,12,1;321,-786,-38,0.99,-0.14,12,1;379,-994,3,0.65,-0.76,5,1;323,-775,-43,0.99,-0.14,12,1;357,-969,-3,0.65,-0.76,61,1;321,-788,-36,0.99,-0.14,12,1;321,-787,-49,0.99,-0.14,12,1;321,-787,-37,0.99,-0.14,12,1;321,-789,-49,0.99,-0.14,12,1;312,-722,-54,0.94,0.33,12,5;311,-718,-50,0.94,0.33,12,5;321,-790,-48,0.99,-0.14,12,1;516,-1170,1,-0.00,-1.00,12,12;314,-727,-54,0.94,0.33,12,5;321,-788,-37,0.99,-0.14,12,1;457,-1070,5,0.72,-0.69,9,1;321,-788,-49,0.99,-0.14,12,1;320,-854,-17,-0.09,-1.00,8,1;423,-1037,4,0.72,-0.69,86,1;318,-814,-34,1.00,-0.09,12,1;318,-815,-38,1.00,-0.09,12,1;389,-1005,3,0.72,-0.69,6,1;512,-1158,1,0.94,0.35,12,5;310,-866,-17,0.27,-0.96,10,1;318,-816,-37,1.00,-0.09,12,1;318,-816,-33,1.00,-0.09,12,1;405,-1004,3,0.72,-0.69,16,1;318,-814,-39,1.00,-0.09,12,1;507,-1145,1,0.94,0.35,12,5;398,-997,3,0.72,-0.69,5,1;318,-817,-37,1.00,-0.09,12,1;317,-820,-35,1.00,-0.09,12,1;318,-817,-32,1.00,-0.09,12,1;318,-818,-36,1.00,-0.09,12,1;318,-815,-33,1.00,-0.09,12,1
ROUTE|Salita del Limone|127|421,-705,-24,0.21,0.98,8,1;421,-705,-19,0.21,0.98,8,1;417,-704,-28,0.21,0.98,8,1;417,-704,-28,0.21,0.98,8,1;417,-704,-23,0.21,0.98,8,1;417,-704,-24,0.21,0.98,8,1;418,-705,-27,0.21,0.98,8,1;418,-705,-23,0.21,0.98,8,1;418,-705,-27,0.21,0.98,8,1;418,-705,-22,0.21,0.98,8,1;418,-705,-27,0.21,0.98,8,1;418,-705,-22,0.21,0.98,8,1;419,-705,-27,0.21,0.98,8,1;419,-705,-22,0.21,0.98,8,1;419,-705,-26,0.21,0.98,8,1;418,-701,-20,0.98,-0.21,20,1;431,-703,-9,0.98,-0.21,5,1;429,-707,-14,0.21,0.98,8,3;432,-708,-13,0.21,0.98,8,3;441,-707,-13,-0.11,0.99,8,5;414,-704,-30,0.21,0.98,8,1;414,-704,-27,0.21,0.98,8,1;414,-704,-30,0.21,0.98,8,1;414,-704,-27,0.21,0.98,8,1;404,-705,-31,0.98,-0.21,7,1;436,-708,-13,-0.11,0.99,8,5;413,-704,-31,0.21,0.98,8,1;426,-706,-16,0.21,0.98,8,1;413,-704,-28,0.21,0.98,8,1;413,-704,-31,0.21,0.98,8,1;414,-704,-27,0.21,0.98,8,1;427,-706,-16,0.21,0.98,8,1;427,-706,-13,0.21,0.98,8,1;413,-703,-28,0.21,0.98,8,1;412,-703,-32,0.21,0.98,8,1;412,-703,-29,0.21,0.98,8,1;427,-706,-12,0.21,0.98,8,1;413,-703,-31,0.21,0.98,8,1;416,-704,-28,0.21,0.98,8,1;427,-707,-12,0.21,0.98,8,1;427,-707,-16,0.21,0.98,8,1;416,-704,-28,0.21,0.98,8,1;416,-704,-24,0.21,0.98,8,1;415,-704,-29,0.21,0.98,8,1;415,-704,-25,0.21,0.98,8,1;416,-704,-29,0.21,0.98,8,1;416,-704,-25,0.21,0.98,8,1;405,-698,-31,0.98,-0.21,7,1;416,-704,-24,0.21,0.98,8,1;415,-704,-26,0.21,0.98,8,1;415,-704,-29,0.21,0.98,8,1;415,-704,-26,0.21,0.98,8,1;409,-703,-32,0.21,0.98,8,1;415,-704,-30,0.21,0.98,8,1;417,-708,-20,0.98,-0.21,20,1;409,-703,-34,0.21,0.98,8,1;409,-703,-35,0.21,0.98,8,1;408,-703,-35,0.21,0.98,8,1;409,-703,-34,0.21,0.98,8,1;430,-711,-9,0.98,-0.21,7,1;409,-703,-33,0.21,0.98,8,1;409,-703,-32,0.21,0.98,8,1;408,-702,-34,0.21,0.98,8,1;406,-702,-35,0.21,0.98,8,3;408,-702,-35,0.21,0.98,8,1;408,-703,-33,0.21,0.98,8,1;412,-703,-32,0.21,0.98,8,1;399,-701,-35,0.09,1.00,8,4;412,-703,-29,0.21,0.98,8,1;403,-701,-35,0.21,0.98,8,3;411,-703,-33,0.21,0.98,8,1;411,-703,-30,0.21,0.98,8,1;412,-703,-32,0.21,0.98,8,1;411,-703,-33,0.21,0.98,8,1;411,-703,-30,0.21,0.98,8,1;410,-703,-31,0.21,0.98,8,1;412,-703,-29,0.21,0.98,8,1;410,-703,-33,0.21,0.98,8,1;411,-703,-31,0.21,0.98,8,1;424,-706,-16,0.21,0.98,8,1;410,-703,-34,0.21,0.98,8,1;410,-703,-34,0.21,0.98,8,1;410,-703,-31,0.21,0.98,8,1;425,-706,-18,0.21,0.98,8,1;425,-706,-18,0.21,0.98,8,1;424,-706,-15,0.21,0.98,8,1;424,-706,-19,0.21,0.98,8,1;425,-706,-15,0.21,0.98,8,1;425,-706,-14,0.21,0.98,8,1;425,-706,-18,0.21,0.98,8,1;425,-706,-14,0.21,0.98,8,1;386,-700,-35,0.09,1.00,8,4;390,-700,-35,0.09,1.00,8,4;443,-707,-13,-0.00,-1.00,8,8;401,-701,-35,-0.00,-1.00,8,8;394,-700,-35,0.09,1.00,8,4;434,-708,-13,-0.00,-1.00,8,8;381,-699,-35,0.09,1.00,8,4;379,-699,-35,-0.00,-1.00,8,8;426,-706,-13,0.21,0.98,8,1;426,-706,-17,0.21,0.98,8,1;426,-706,-14,0.21,0.98,8,1;422,-705,-18,0.21,0.98,8,1;426,-706,-17,0.21,0.98,8,1;422,-705,-23,0.21,0.98,8,1;422,-705,-24,0.21,0.98,8,1;422,-705,-18,0.21,0.98,8,1;422,-706,-23,0.21,0.98,8,1;423,-706,-17,0.21,0.98,8,1;422,-706,-17,0.21,0.98,8,1;423,-706,-17,0.21,0.98,8,1;423,-706,-21,0.21,0.98,8,1;423,-706,-20,0.21,0.98,8,1;423,-706,-21,0.21,0.98,8,1;424,-706,-19,0.21,0.98,8,1;424,-706,-16,0.21,0.98,8,1;419,-705,-21,0.21,0.98,8,1;419,-705,-26,0.21,0.98,8,1;419,-705,-21,0.21,0.98,8,1;420,-705,-26,0.21,0.98,8,1;420,-705,-25,0.21,0.98,8,1;420,-705,-20,0.21,0.98,8,1;420,-705,-25,0.21,0.98,8,1;420,-705,-20,0.21,0.98,8,1;421,-705,-25,0.21,0.98,8,1;421,-705,-19,0.21,0.98,8,1;421,-705,-19,0.21,0.98,8,1
ROUTE|Beach steps|270|372,-1010,-14,0.65,-0.76,9,1;377,-1005,-9,0.65,-0.76,9,1;380,-1024,-24,0.85,-0.53,22,1;377,-1005,-7,0.65,-0.76,9,1;375,-1026,-24,0.53,0.85,9,1;375,-1026,-24,0.53,0.85,9,1;377,-1006,-9,0.65,-0.76,9,1;375,-1026,-25,0.53,0.85,9,1;393,-1032,-33,0.85,-0.53,8,1;372,-1010,-13,0.65,-0.76,9,1;372,-1010,-15,0.65,-0.76,9,1;376,-1027,-30,0.53,0.85,9,1;375,-1026,-30,0.53,0.85,9,1;372,-1009,-13,0.65,-0.76,9,1;372,-1010,-13,0.65,-0.76,9,1;376,-1027,-25,0.53,0.85,9,1;376,-1006,-9,0.65,-0.76,9,1;377,-1006,-7,0.65,-0.76,9,1;376,-1027,-30,0.53,0.85,9,1;376,-1006,-10,0.65,-0.76,9,1;376,-1006,-8,0.65,-0.76,9,1;381,-1002,-1,0.65,-0.76,9,1;369,-1022,-18,0.53,0.85,9,1;375,-1007,-9,0.65,-0.76,9,1;393,-1044,-33,0.60,-0.80,6,1;376,-1006,-8,0.65,-0.76,9,1;369,-1022,-27,0.53,0.85,9,1;369,-1023,-19,0.53,0.85,9,1;376,-1007,-8,0.65,-0.76,9,1;370,-1023,-27,0.53,0.85,9,1;376,-1006,-10,0.65,-0.76,9,1;370,-1023,-19,0.53,0.85,9,1;375,-1007,-10,0.65,-0.76,9,1;370,-1023,-27,0.53,0.85,9,1;370,-1023,-28,0.53,0.85,9,1;370,-1023,-20,0.53,0.85,9,1;375,-1007,-10,0.65,-0.76,9,1;375,-1007,-11,0.65,-0.76,9,1;373,-1025,-29,0.53,0.85,9,1;388,-1039,-33,0.85,-0.53,6,1;372,-1025,-22,0.53,0.85,9,1;378,-1004,-5,0.65,-0.76,9,1;372,-1024,-28,0.53,0.85,9,1;373,-1025,-29,0.53,0.85,9,1;378,-1004,-7,0.65,-0.76,9,1;375,-1007,-11,0.65,-0.76,9,1;373,-1025,-22,0.53,0.85,9,1;373,-1025,-23,0.53,0.85,9,1;375,-1007,-9,0.65,-0.76,9,1;378,-1010,-6,-0.76,-0.65,19,1;374,-1025,-23,0.53,0.85,9,1;367,-1021,-27,0.53,0.85,9,4;364,-1019,-27,0.53,0.85,9,4;374,-1025,-29,0.53,0.85,9,1;369,-1022,-27,0.53,0.85,9,1;407,-1055,-47,0.80,0.60,9,1;407,-1056,-44,0.80,0.60,9,1;408,-1056,-47,0.80,0.60,9,1;408,-1056,-45,0.80,0.60,9,1;408,-1057,-48,0.80,0.60,9,1;363,-1024,-15,0.85,-0.53,8,1;408,-1057,-45,0.80,0.60,9,1;408,-1057,-48,0.80,0.60,9,1;409,-1057,-45,0.80,0.60,9,1;376,-1032,-24,0.85,-0.53,22,1;371,-1023,-20,0.53,0.85,9,1;371,-1024,-28,0.53,0.85,9,1;406,-1054,-43,0.80,0.60,9,1;406,-1054,-47,0.80,0.60,9,1;372,-1004,-6,-0.76,-0.65,19,1;406,-1055,-43,0.80,0.60,9,1;362,-1012,-15,-0.76,-0.65,7,1;402,-1048,-39,0.80,0.60,9,1;407,-1055,-44,0.80,0.60,9,1;407,-1055,-47,0.80,0.60,9,1;402,-1049,-39,0.80,0.60,9,1;403,-1050,-45,0.80,0.60,9,1;402,-1049,-40,0.80,0.60,9,1;402,-1049,-45,0.80,0.60,9,1;403,-1050,-40,0.80,0.60,9,1;403,-1050,-41,0.80,0.60,9,1;403,-1050,-45,0.80,0.60,9,1;388,-996,-2,-0.00,-1.00,9,9;404,-1051,-41,0.80,0.60,9,1;404,-1051,-45,0.80,0.60,9,1;401,-1048,-44,0.80,0.60,9,1;402,-1048,-45,0.80,0.60,9,1;399,-1045,-39,0.80,0.60,9,1;397,-1043,-38,0.80,0.60,9,4;401,-1047,-44,0.80,0.60,9,1;399,-1045,-36,0.80,0.60,9,1;399,-1045,-37,0.80,0.60,9,1;399,-1044,-39,0.80,0.60,9,1;400,-1046,-40,0.80,0.60,9,1;400,-1046,-37,0.80,0.60,9,1;411,-1060,-48,0.80,0.60,9,1;400,-1046,-38,0.80,0.60,9,1;411,-1060,-49,0.80,0.60,9,1;418,-1070,-51,-0.00,-1.00,9,9;401,-1048,-38,0.80,0.60,9,1;401,-1047,-38,0.80,0.60,9,1;394,-1038,-37,-0.00,-1.00,9,9;401,-1047,-41,0.80,0.60,9,1;400,-1046,-40,0.80,0.60,9,1;362,-1018,-27,-0.00,-1.00,9,9;409,-1058,-48,0.80,0.60,9,1;395,-1040,-37,0.80,0.60,9,4;382,-1001,-3,0.65,-0.76,9,1;409,-1059,-46,0.80,0.60,9,1;379,-1004,-7,0.65,-0.76,9,1;379,-1004,-4,0.65,-0.76,9,1;379,-1004,-6,0.65,-0.76,9,1;410,-1060,-49,0.80,0.60,9,1;379,-1003,-4,0.65,-0.76,9,1;411,-1061,-49,0.80,0.60,9,1;410,-1060,-47,0.80,0.60,9,1;382,-1001,-4,0.65,-0.76,9,1;382,-1001,-0,0.65,-0.76,9,1;411,-1061,-49,0.80,0.60,9,1;411,-1061,-48,0.80,0.60,9,1;381,-1002,-2,0.65,-0.76,9,1;381,-1002,-4,0.65,-0.76,9,1;413,-1064,-50,0.80,0.60,9,1;413,-1064,-51,0.80,0.60,9,1;409,-1058,-46,0.80,0.60,9,1;384,-1000,-3,0.65,-0.76,9,4;387,-997,-2,0.65,-0.76,9,4;409,-1058,-48,0.80,0.60,9,1;381,-1002,-4,0.65,-0.76,9,1;382,-1001,-1,0.65,-0.76,9,1;410,-1059,-47,0.80,0.60,9,1;386,-1033,-36,0.53,0.85,9,1;410,-1059,-48,0.80,0.60,9,1;385,-1033,-34,0.53,0.85,9,1;386,-1033,-34,0.53,0.85,9,1;415,-1065,-51,0.80,0.60,9,4;413,-1063,-50,0.80,0.60,9,1;412,-1063,-49,0.80,0.60,9,1;380,-1002,-5,0.65,-0.76,9,1;413,-1063,-51,0.80,0.60,9,1;381,-1002,-2,0.65,-0.76,9,1;386,-1033,-36,0.53,0.85,9,1;387,-1034,-37,0.53,0.85,9,1;409,-1051,-40,0.60,-0.80,25,1;386,-1033,-35,0.53,0.85,9,1;417,-1068,-51,0.80,0.60,9,4;412,-1062,-49,0.80,0.60,9,1;419,-1064,-47,0.60,-0.80,8,1;412,-1062,-50,0.80,0.60,9,1;386,-1033,-36,0.53,0.85,9,1;412,-1061,-48,0.80,0.60,9,1;412,-1062,-50,0.80,0.60,9,1;380,-1003,-2,0.65,-0.76,9,1;379,-1003,-6,0.65,-0.76,9,1;380,-1003,-6,0.65,-0.76,9,1;380,-1003,-3,0.65,-0.76,9,1;381,-1002,-5,0.65,-0.76,9,1;380,-1003,-3,0.65,-0.76,9,1;400,-1039,-33,0.60,-0.80,8,1;380,-1003,-5,0.65,-0.76,9,1;406,-1054,-46,0.80,0.60,9,1;370,-1012,-17,0.65,-0.76,9,1;383,-1031,-32,0.53,0.85,9,1;384,-1032,-34,0.53,0.85,9,1;370,-1011,-15,0.65,-0.76,9,1;383,-1031,-32,0.53,0.85,9,1;383,-1031,-34,0.53,0.85,9,1;382,-1031,-34,0.53,0.85,9,1;369,-1012,-18,0.65,-0.76,9,1;383,-1031,-31,0.53,0.85,9,1;412,-1069,-47,0.60,-0.80,7,1;369,-1012,-16,0.65,-0.76,9,1;383,-1031,-34,0.53,0.85,9,1;384,-1032,-33,0.53,0.85,9,1;369,-1012,-17,0.65,-0.76,9,1;369,-1012,-19,0.65,-0.76,9,1;385,-1032,-35,0.53,0.85,9,1;369,-1012,-16,0.65,-0.76,9,1;368,-1013,-17,0.65,-0.76,9,1;384,-1032,-35,0.53,0.85,9,1;403,-1057,-40,0.60,-0.80,25,1;384,-1032,-33,0.53,0.85,9,1;369,-1012,-20,0.65,-0.76,9,1;387,-1033,-35,0.53,0.85,9,1;389,-1035,-37,0.53,0.85,9,4;368,-1013,-21,0.65,-0.76,9,1;392,-1037,-37,0.53,0.85,9,4;387,-1034,-36,0.53,0.85,9,1;368,-1013,-21,0.65,-0.76,9,1;368,-1013,-18,0.65,-0.76,9,1;387,-1034,-37,0.53,0.85,9,1;373,-1009,-13,0.65,-0.76,9,1;387,-1034,-36,0.53,0.85,9,1;381,-1030,-30,0.53,0.85,9,1;382,-1030,-33,0.53,0.85,9,1;372,-1009,-14,0.65,-0.76,9,1;381,-1030,-33,0.53,0.85,9,1;373,-1009,-13,0.65,-0.76,9,1;380,-1029,-29,0.53,0.85,9,1;366,-1014,-27,0.65,-0.76,9,4;382,-1031,-31,0.53,0.85,9,1;382,-1030,-31,0.53,0.85,9,1;363,-1017,-27,0.65,-0.76,9,4;382,-1030,-33,0.53,0.85,9,1;373,-1009,-12,0.65,-0.76,9,1;368,-1013,-18,0.65,-0.76,9,1;404,-1052,-46,0.80,0.60,9,1;385,-1032,-35,0.53,0.85,9,1;380,-1029,-29,0.53,0.85,9,1;404,-1051,-46,0.80,0.60,9,1;380,-1029,-32,0.53,0.85,9,1;405,-1053,-46,0.80,0.60,9,1;385,-1032,-33,0.53,0.85,9,1;405,-1052,-42,0.80,0.60,9,1;404,-1052,-41,0.80,0.60,9,1;381,-1030,-30,0.53,0.85,9,1;406,-1053,-43,0.80,0.60,9,1;370,-1011,-17,0.65,-0.76,9,1;381,-1030,-33,0.53,0.85,9,1;405,-1053,-46,0.80,0.60,9,1;379,-1029,-28,0.53,0.85,9,1;405,-1053,-42,0.80,0.60,9,1;380,-1029,-32,0.53,0.85,9,1;371,-1011,-16,0.65,-0.76,9,1;378,-1028,-27,0.53,0.85,9,1;371,-1011,-14,0.65,-0.76,9,1;378,-1028,-31,0.53,0.85,9,1;379,-1029,-32,0.53,0.85,9,1;371,-1010,-15,0.65,-0.76,9,1;379,-1029,-32,0.53,0.85,9,1;371,-1010,-14,0.65,-0.76,9,1;371,-1010,-16,0.65,-0.76,9,1;370,-1011,-16,0.65,-0.76,9,1;374,-1026,-29,0.53,0.85,9,1;370,-1011,-15,0.65,-0.76,9,1;374,-1008,-10,0.65,-0.76,9,1;379,-1029,-28,0.53,0.85,9,1;375,-1026,-30,0.53,0.85,9,1;370,-1011,-15,0.65,-0.76,9,1;374,-1026,-23,0.53,0.85,9,1;374,-1026,-30,0.53,0.85,9,1;377,-1027,-26,0.53,0.85,9,1;374,-1008,-12,0.65,-0.76,9,1;377,-1028,-26,0.53,0.85,9,1;374,-1008,-11,0.65,-0.76,9,1;377,-1027,-31,0.53,0.85,9,1;378,-1028,-31,0.53,0.85,9,1;374,-1008,-12,0.65,-0.76,9,1;378,-1028,-27,0.53,0.85,9,1;373,-1009,-11,0.65,-0.76,9,1;373,-1009,-12,0.65,-0.76,9,1;374,-1008,-10,0.65,-0.76,9,1;373,-1008,-13,0.65,-0.76,9,1;379,-1028,-28,0.53,0.85,9,1;378,-1028,-31,0.53,0.85,9,1;374,-1008,-11,0.65,-0.76,9,1;378,-1004,-7,0.65,-0.76,9,1;378,-1005,-8,0.65,-0.76,9,1;378,-1005,-5,0.65,-0.76,9,1;377,-1027,-31,0.53,0.85,9,1;379,-1004,-5,0.65,-0.76,9,1;376,-1027,-26,0.53,0.85,9,1;372,-1024,-21,0.53,0.85,9,1;371,-1024,-28,0.53,0.85,9,1;377,-1005,-8,0.65,-0.76,9,1;371,-1024,-20,0.53,0.85,9,1;378,-1005,-6,0.65,-0.76,9,1;372,-1024,-21,0.53,0.85,9,1;377,-1005,-6,0.65,-0.76,9,1;372,-1024,-28,0.53,0.85,9,1
ROUTE|Piazza to coast|88|424,-1005,0,0.78,-0.63,12,1;424,-1005,1,0.78,-0.63,12,1;424,-1005,-3,0.78,-0.63,12,1;420,-1010,-3,0.78,-0.63,12,4;422,-1007,-3,0.78,-0.63,12,4;425,-994,-3,-0.63,-0.78,19,1;426,-1002,-5,0.78,-0.63,12,1;434,-992,-12,0.78,-0.63,12,1;426,-1002,-5,0.78,-0.63,12,1;434,-993,-10,0.78,-0.63,12,1;435,-991,-12,0.78,-0.63,12,1;435,-991,-13,0.78,-0.63,12,1;434,-992,-11,0.78,-0.63,12,1;434,-992,-12,0.78,-0.63,12,1;433,-993,-9,0.78,-0.63,12,1;433,-994,-11,0.78,-0.63,12,1;435,-992,-11,0.78,-0.63,12,1;434,-993,-12,0.78,-0.63,12,1;434,-993,-10,0.78,-0.63,12,1;433,-993,-11,0.78,-0.63,12,1;433,-994,-9,0.78,-0.63,12,1;428,-1000,-7,0.78,-0.63,12,1;429,-999,-5,0.78,-0.63,12,1;429,-999,-7,0.78,-0.63,12,1;428,-1000,-4,0.78,-0.63,12,1;428,-999,-7,0.78,-0.63,12,1;427,-1001,-3,0.78,-0.63,12,1;429,-999,-5,0.78,-0.63,12,1;427,-1001,-6,0.78,-0.63,12,1;427,-1001,-6,0.78,-0.63,12,1;427,-1001,-2,0.78,-0.63,12,1;428,-1000,-6,0.78,-0.63,12,1;426,-1003,-1,0.78,-0.63,12,1;426,-1002,-2,0.78,-0.63,12,1;426,-1003,-5,0.78,-0.63,12,1;427,-1001,-3,0.78,-0.63,12,1;426,-1002,-2,0.78,-0.63,12,1;426,-1012,4,-0.63,-0.78,7,1;424,-1004,-0,0.78,-0.63,12,1;424,-1005,-4,0.78,-0.63,12,1;434,-1002,-3,-0.63,-0.78,19,1;441,-992,-9,-0.63,-0.78,5,1;432,-995,-8,0.78,-0.63,12,1;432,-995,-10,0.78,-0.63,12,1;432,-995,-8,0.78,-0.63,12,1;433,-994,-11,0.78,-0.63,12,1;432,-994,-9,0.78,-0.63,12,1;431,-997,-9,0.78,-0.63,12,1;432,-995,-10,0.78,-0.63,12,1;430,-997,-9,0.78,-0.63,12,1;430,-997,-7,0.78,-0.63,12,1;431,-996,-7,0.78,-0.63,12,1;431,-996,-9,0.78,-0.63,12,1;431,-996,-7,0.78,-0.63,12,1;431,-996,-10,0.78,-0.63,12,1;459,-978,-13,0.37,-0.93,12,5;463,-976,-13,0.37,-0.93,12,5;455,-979,-13,0.37,-0.93,12,5;411,-1018,-17,-0.00,-1.00,12,12;476,-971,-13,0.37,-0.93,12,5;472,-973,-13,0.37,-0.93,12,5;467,-974,-13,0.37,-0.93,12,5;440,-985,-13,-0.00,-1.00,12,12;478,-970,-13,-0.00,-1.00,12,12;439,-986,-13,0.78,-0.63,12,4;437,-989,-13,0.78,-0.63,12,4;435,-991,-13,0.78,-0.63,12,1;451,-981,-13,0.37,-0.93,12,5;446,-982,-13,0.37,-0.93,12,5;442,-984,-13,0.37,-0.93,12,5;419,-1011,-3,-0.00,-1.00,12,12;418,-1012,-3,0.66,-0.75,12,4;415,-1015,-17,0.66,-0.75,12,4;433,-984,-9,-0.63,-0.78,7,1;429,-998,-8,0.78,-0.63,12,1;429,-998,-5,0.78,-0.63,12,1;430,-998,-8,0.78,-0.63,12,1;417,-1005,4,-0.63,-0.78,7,1;428,-1000,-4,0.78,-0.63,12,1;430,-998,-6,0.78,-0.63,12,1;430,-998,-8,0.78,-0.63,12,1;430,-997,-6,0.78,-0.63,12,1;425,-1003,-4,0.78,-0.63,12,1;425,-1004,-0,0.78,-0.63,12,1;425,-1004,-4,0.78,-0.63,12,1;425,-1004,-4,0.78,-0.63,12,1;412,-1017,-17,0.66,-0.75,12,4;425,-1003,-1,0.78,-0.63,12,1
ROUTE|Via della Piazza|82|454,-743,-13,0.95,0.30,9,5;464,-760,-13,0.86,0.51,9,5;467,-764,-13,0.71,0.71,9,5;482,-781,-13,1.00,-0.00,9,5;482,-786,-13,1.00,-0.00,9,5;456,-747,-13,0.86,0.51,9,5;459,-751,-13,0.86,0.51,9,5;480,-777,-13,0.71,0.71,9,5;462,-832,-13,0.77,-0.64,9,5;458,-840,-13,0.96,0.26,9,5;482,-779,-13,-0.00,-1.00,9,9;465,-762,-13,-0.00,-1.00,9,9;482,-801,-13,1.00,-0.00,9,5;455,-745,-13,-0.00,-1.00,9,9;459,-836,-13,0.77,-0.64,9,5;474,-900,-13,-0.00,-1.00,9,9;468,-825,-13,0.77,-0.64,9,5;461,-756,-13,0.86,0.51,9,5;457,-838,-13,-0.00,-1.00,9,9;482,-808,-13,-0.00,-1.00,9,9;471,-821,-13,0.77,-0.64,9,5;453,-665,-13,0.97,-0.24,9,5;465,-829,-13,0.77,-0.64,9,5;454,-660,-13,0.97,-0.24,9,5;480,-810,-13,0.77,-0.64,9,5;478,-970,-13,-0.00,-1.00,9,9;450,-678,-13,0.97,-0.24,9,5;458,-957,-13,-0.00,-1.00,9,9;469,-883,-13,0.96,0.26,9,5;471,-888,-13,0.96,0.26,9,5;451,-674,-13,0.97,-0.24,9,5;452,-669,-13,0.97,-0.24,9,5;482,-791,-13,1.00,-0.00,9,5;482,-806,-13,1.00,-0.00,9,5;474,-817,-13,0.77,-0.64,9,5;482,-796,-13,1.00,-0.00,9,5;477,-814,-13,0.77,-0.64,9,5;459,-845,-13,0.96,0.26,9,5;462,-855,-13,0.96,0.26,9,5;460,-850,-13,0.96,0.26,9,5;465,-869,-13,0.96,0.26,9,5;473,-898,-13,0.96,0.26,9,5;468,-879,-13,0.96,0.26,9,5;472,-893,-13,0.96,0.26,9,5;473,-902,-13,0.96,-0.27,9,5;443,-707,-13,-0.00,-1.00,9,9;467,-874,-13,0.96,0.26,9,5;464,-864,-13,0.96,0.26,9,5;463,-859,-13,0.96,0.26,9,5;455,-658,-13,-0.00,-1.00,9,9;468,-921,-13,0.96,-0.27,9,5;467,-926,-13,0.96,-0.27,9,5;469,-917,-13,0.96,-0.27,9,5;472,-907,-13,0.96,-0.27,9,5;471,-912,-13,0.96,-0.27,9,5;460,-958,-13,0.54,0.84,9,5;464,-961,-13,0.54,0.84,9,5;459,-955,-13,0.96,-0.27,9,5;465,-931,-13,0.96,-0.27,9,5;463,-940,-13,0.96,-0.27,9,5;472,-966,-13,0.54,0.84,9,5;464,-936,-13,0.96,-0.27,9,5;476,-969,-13,0.54,0.84,9,5;468,-964,-13,0.54,0.84,9,5;460,-950,-13,0.96,-0.27,9,5;461,-945,-13,0.96,-0.27,9,5;447,-691,-13,0.97,-0.24,9,5;448,-687,-13,0.97,-0.24,9,5;450,-728,-13,0.95,0.30,9,5;448,-724,-13,0.95,0.30,9,5;453,-738,-13,0.95,0.30,9,5;451,-733,-13,0.95,0.30,9,5;447,-719,-13,0.95,0.30,9,5;445,-714,-13,0.95,0.30,9,5;444,-709,-13,0.95,0.30,9,5;474,-770,-13,0.71,0.71,9,5;470,-767,-13,0.71,0.71,9,5;477,-774,-13,0.71,0.71,9,5;445,-700,-13,0.97,-0.24,9,5;446,-696,-13,0.97,-0.24,9,5;449,-683,-13,0.97,-0.24,9,5;444,-705,-13,0.97,-0.24,9,5
ROUTE|Upper town to meadow|82|553,-965,11,-0.00,-1.00,12,12;551,-994,11,1.00,-0.06,12,4;465,-1070,1,-0.00,-1.00,12,12;511,-1040,1,-0.00,-1.00,12,12;551,-996,11,-0.00,-1.00,12,12;535,-1022,10,-0.67,-0.74,39,1;553,-972,11,1.00,-0.06,12,4;521,-1029,3,0.74,-0.67,12,1;553,-967,11,1.00,-0.06,12,4;520,-1031,1,0.74,-0.67,12,2;521,-1029,2,0.74,-0.67,12,2;529,-1020,6,0.74,-0.67,12,1;551,-989,11,1.00,-0.06,12,4;528,-1021,5,0.74,-0.67,12,2;552,-985,11,1.00,-0.06,12,4;530,-1019,7,0.74,-0.67,12,1;552,-981,11,1.00,-0.06,12,4;529,-1020,5,0.74,-0.67,12,2;552,-976,11,1.00,-0.06,12,4;530,-1019,5,0.74,-0.67,12,2;532,-1017,6,0.74,-0.67,12,2;531,-1018,7,0.74,-0.67,12,1;526,-1024,5,0.74,-0.67,12,1;525,-1025,3,0.74,-0.67,12,2;526,-1023,4,0.74,-0.67,12,2;527,-1022,4,0.74,-0.67,12,2;527,-1023,5,0.74,-0.67,12,1;539,-1009,8,0.74,-0.67,12,2;540,-1008,10,0.74,-0.67,12,1;541,-1007,11,0.74,-0.67,12,1;540,-1008,9,0.74,-0.67,12,2;542,-1006,11,0.74,-0.67,12,1;541,-1007,9,0.74,-0.67,12,2;523,-1027,3,0.74,-0.67,12,2;522,-1028,2,0.74,-0.67,12,2;519,-1040,5,-0.67,-0.74,10,1;552,-1004,15,-0.67,-0.74,10,1;522,-1028,4,0.74,-0.67,12,1;523,-1026,4,0.74,-0.67,12,1;475,-1063,1,0.55,-0.84,12,5;467,-1069,1,0.55,-0.84,12,5;471,-1066,1,0.55,-0.84,12,5;524,-1026,3,0.74,-0.67,12,2;524,-1025,5,0.74,-0.67,12,1;511,-1032,5,-0.67,-0.74,9,1;518,-1032,1,0.74,-0.67,12,2;518,-1032,2,0.74,-0.67,12,1;519,-1031,2,0.74,-0.67,12,1;520,-1030,3,0.74,-0.67,12,1;542,-997,15,-0.67,-0.74,7,1;538,-1010,8,0.74,-0.67,12,2;538,-1011,10,0.74,-0.67,12,1;509,-1041,1,0.55,-0.84,12,5;539,-1010,10,0.74,-0.67,12,1;532,-1017,7,0.74,-0.67,12,1;527,-1014,10,-0.67,-0.74,39,1;533,-1016,8,0.74,-0.67,12,1;533,-1016,6,0.74,-0.67,12,2;528,-1022,6,0.74,-0.67,12,1;534,-1015,6,0.74,-0.67,12,2;534,-1014,8,0.74,-0.67,12,1;542,-1005,9,0.74,-0.67,12,2;535,-1014,7,0.74,-0.67,12,2;544,-1004,10,0.74,-0.67,12,2;543,-1005,12,0.74,-0.67,12,1;548,-1000,10,0.74,-0.67,12,3;488,-1055,1,0.55,-0.84,12,5;545,-1002,10,0.74,-0.67,12,3;480,-1060,1,0.55,-0.84,12,5;501,-1047,1,0.55,-0.84,12,5;550,-997,11,0.74,-0.67,12,3;484,-1058,1,0.55,-0.84,12,5;492,-1052,1,0.55,-0.84,12,5;505,-1044,1,0.55,-0.84,12,5;496,-1050,1,0.55,-0.84,12,5;514,-1036,1,0.74,-0.67,12,3;512,-1039,1,0.74,-0.67,12,3;517,-1034,1,0.74,-0.67,12,3;537,-1012,9,0.74,-0.67,12,1;536,-1013,7,0.74,-0.67,12,2;535,-1013,9,0.74,-0.67,12,1;537,-1011,8,0.74,-0.67,12,2
ROUTE|Lower town approach|89|385,-657,-35,-0.00,-1.00,12,12;380,-645,-35,-0.00,-1.00,12,12;332,-608,-48,1.00,-0.00,12,5;365,-630,-48,0.71,0.71,12,1;332,-612,-48,1.00,-0.00,12,5;365,-630,-48,0.71,0.71,12,1;365,-630,-46,0.71,0.71,12,1;361,-626,-48,0.71,0.71,12,3;363,-628,-48,0.71,0.71,12,3;353,-624,-48,0.18,0.98,12,5;358,-625,-48,0.18,0.98,12,5;332,-605,-48,-0.00,-1.00,12,12;332,-620,-48,-0.00,-1.00,12,12;360,-625,-48,-0.00,-1.00,12,12;348,-623,-48,0.18,0.98,12,5;339,-621,-49,0.18,0.98,12,5;344,-622,-48,0.18,0.98,12,5;332,-618,-48,1.00,-0.00,12,5;334,-620,-48,0.18,0.98,12,5;371,-636,-39,0.71,0.71,12,1;371,-636,-39,0.71,0.71,12,1;371,-636,-41,0.71,0.71,12,1;371,-636,-40,0.71,0.71,12,1;375,-640,-36,0.71,0.71,12,1;375,-640,-36,0.71,0.71,12,1;372,-637,-40,0.71,0.71,12,1;372,-637,-39,0.71,0.71,12,1;374,-639,-37,0.71,0.71,12,1;375,-640,-35,0.71,0.71,12,1;375,-640,-34,0.71,0.71,12,1;359,-632,-44,0.71,-0.71,3,1;373,-646,-31,0.71,-0.71,4,1;366,-639,-37,0.71,-0.71,16,1;373,-638,-37,0.71,0.71,12,1;374,-639,-38,0.71,0.71,12,1;373,-638,-36,0.71,0.71,12,1;374,-639,-36,0.71,0.71,12,1;374,-639,-36,0.71,0.71,12,1;374,-639,-37,0.71,0.71,12,1;372,-637,-40,0.71,0.71,12,1;372,-637,-38,0.71,0.71,12,1;372,-637,-38,0.71,0.71,12,1;370,-635,-41,0.71,0.71,12,1;370,-635,-42,0.71,0.71,12,1;370,-635,-42,0.71,0.71,12,1;370,-635,-40,0.71,0.71,12,1;371,-636,-41,0.71,0.71,12,1;370,-635,-42,0.71,0.71,12,1;370,-635,-40,0.71,0.71,12,1;373,-638,-38,0.71,0.71,12,1;367,-632,-44,0.71,0.71,12,1;366,-631,-46,0.71,0.71,12,1;366,-631,-45,0.71,0.71,12,1;373,-638,-39,0.71,0.71,12,1;373,-638,-39,0.71,0.71,12,1;373,-638,-37,0.71,0.71,12,1;366,-631,-45,0.71,0.71,12,1;366,-631,-47,0.71,0.71,12,1;365,-630,-46,0.71,0.71,12,1;365,-630,-47,0.71,0.71,12,1;365,-630,-46,0.71,0.71,12,1;367,-632,-46,0.71,0.71,12,1;367,-632,-44,0.71,0.71,12,1;367,-632,-46,0.71,0.71,12,1;367,-632,-43,0.71,0.71,12,1;369,-634,-43,0.71,0.71,12,1;369,-634,-43,0.71,0.71,12,1;369,-634,-41,0.71,0.71,12,1;369,-634,-44,0.71,0.71,12,1;366,-631,-47,0.71,0.71,12,1;368,-633,-44,0.71,0.71,12,1;368,-633,-42,0.71,0.71,12,1;368,-633,-43,0.71,0.71,12,1;368,-633,-44,0.71,0.71,12,1;368,-633,-43,0.71,0.71,12,1;369,-634,-41,0.71,0.71,12,1;367,-632,-45,0.71,0.71,12,1;366,-623,-44,0.71,-0.71,6,1;374,-631,-37,0.71,-0.71,16,1;369,-634,-42,0.71,0.71,12,1;382,-639,-31,0.71,-0.71,6,1;374,-639,-35,0.71,0.71,12,1;379,-644,-35,0.71,0.71,12,3;384,-655,-35,0.92,0.38,12,4;375,-640,-36,0.71,0.71,12,1;376,-641,-34,0.71,0.71,12,1;382,-651,-35,0.92,0.38,12,4;381,-647,-35,0.92,0.38,12,4;377,-642,-36,0.71,0.71,12,3
ROUTE|Via Alta|82|559,-818,11,0.89,0.45,9,5;559,-827,11,0.98,-0.17,9,5;557,-814,11,0.89,0.45,9,5;555,-810,11,0.89,0.45,9,5;552,-967,11,-0.94,0.34,9,4;553,-805,11,0.89,0.45,9,5;551,-970,11,-0.94,0.34,9,4;544,-789,11,0.89,0.45,9,5;550,-974,11,-0.94,0.34,9,4;551,-801,11,0.89,0.45,9,5;549,-797,11,0.89,0.45,9,5;550,-974,11,0.90,-0.43,9,5;552,-970,11,0.90,-0.43,9,5;542,-785,11,0.89,0.45,9,5;546,-793,11,0.89,0.45,9,5;540,-780,11,0.89,0.45,9,5;538,-776,11,0.89,0.45,9,5;536,-772,11,0.89,0.45,9,5;536,-768,11,0.93,-0.36,9,5;541,-755,11,0.93,-0.36,9,5;538,-764,11,0.93,-0.36,9,5;558,-891,11,0.95,0.32,9,5;556,-887,11,0.95,0.32,9,5;555,-882,11,0.95,0.32,9,5;553,-878,11,0.95,0.32,9,5;559,-896,11,0.95,0.32,9,5;552,-873,11,0.95,0.32,9,5;551,-869,11,0.98,-0.17,9,5;552,-864,11,0.98,-0.17,9,5;563,-905,11,0.95,0.32,9,5;556,-846,11,0.98,-0.17,9,5;555,-850,11,0.98,-0.17,9,5;553,-859,11,0.98,-0.17,9,5;554,-855,11,0.98,-0.17,9,5;557,-836,11,0.98,-0.17,9,5;560,-822,11,0.98,-0.17,9,5;556,-841,11,0.98,-0.17,9,5;558,-832,11,0.98,-0.17,9,5;558,-957,11,0.90,-0.43,9,5;560,-953,11,0.90,-0.43,9,5;554,-966,11,0.90,-0.43,9,5;556,-961,11,0.90,-0.43,9,5;566,-940,11,0.90,-0.43,9,5;568,-936,11,0.90,-0.43,9,5;562,-949,11,0.90,-0.43,9,5;564,-945,11,0.90,-0.43,9,5;569,-923,11,0.95,0.32,9,5;567,-919,11,0.95,0.32,9,5;570,-932,11,0.90,-0.43,9,5;570,-928,11,0.95,0.32,9,5;564,-910,11,0.95,0.32,9,5;561,-901,11,0.95,0.32,9,5;566,-914,11,0.95,0.32,9,5;554,-716,11,0.94,0.33,9,5;548,-699,11,0.94,0.33,9,5;547,-694,11,0.94,0.33,9,5;550,-703,11,0.94,0.33,9,5;549,-733,11,0.93,-0.36,9,5;554,-720,11,0.93,-0.36,9,5;551,-729,11,0.93,-0.36,9,5;553,-712,11,0.94,0.33,9,5;551,-707,11,0.94,0.33,9,5;555,-718,11,-0.00,-1.00,9,9;535,-770,11,-0.00,-1.00,9,9;549,-976,11,-0.00,-1.00,9,9;541,-677,11,0.94,0.33,9,5;553,-965,11,-0.00,-1.00,9,9;539,-672,11,0.94,0.33,9,5;571,-930,11,-0.00,-1.00,9,9;551,-871,11,-0.00,-1.00,9,9;545,-690,11,0.94,0.33,9,5;560,-820,11,-0.00,-1.00,9,9;542,-681,11,0.94,0.33,9,5;544,-686,11,0.94,0.33,9,5;538,-668,11,0.94,0.33,9,5;537,-666,11,-0.00,-1.00,9,9;548,-738,11,0.93,-0.36,9,5;546,-742,11,0.93,-0.36,9,5;544,-746,11,0.93,-0.36,9,5;552,-724,11,0.93,-0.36,9,5;539,-759,11,0.93,-0.36,9,5;542,-751,11,0.93,-0.36,9,5
ROUTE|Blue cave path|15|444,-1106,-51,0.53,0.85,8,5;448,-1109,-51,0.53,0.85,8,5;433,-1099,-51,0.53,0.85,8,5;425,-1094,-51,0.53,0.85,8,5;422,-1091,-52,0.98,0.21,8,5;421,-1086,-52,0.98,0.21,8,5;436,-1102,-51,0.53,0.85,8,5;440,-1104,-51,0.53,0.85,8,5;429,-1097,-51,0.53,0.85,8,5;420,-1077,-51,0.98,0.21,8,5;420,-1082,-51,0.98,0.21,8,5;418,-1070,-51,-0.00,-1.00,8,8;450,-1110,-51,-0.00,-1.00,8,8;423,-1093,-52,-0.00,-1.00,8,8;418,-1072,-51,0.98,0.21,8,5
ROUTE|Town to coastal path|132|361,-894,-34,0.91,-0.42,12,1;361,-894,-32,0.91,-0.42,12,1;360,-895,-30,0.91,-0.42,12,1;360,-895,-30,0.91,-0.42,12,1;361,-894,-31,0.91,-0.42,12,1;361,-894,-31,0.91,-0.42,12,1;361,-894,-34,0.91,-0.42,12,1;361,-894,-34,0.91,-0.42,12,1;361,-893,-35,0.91,-0.42,12,1;362,-892,-34,0.91,-0.42,12,1;361,-893,-35,0.91,-0.42,12,1;361,-893,-33,0.91,-0.42,12,1;367,-885,-35,-0.00,-1.00,12,5;372,-885,-35,-0.00,-1.00,12,5;361,-893,-33,0.91,-0.42,12,1;361,-893,-35,0.91,-0.42,12,1;361,-893,-32,0.91,-0.42,12,1;362,-892,-35,0.91,-0.42,12,1;378,-885,-35,-0.00,-1.00,12,5;350,-917,-25,-0.00,-1.00,12,12;364,-887,-35,0.91,-0.42,12,4;365,-885,-35,-0.00,-1.00,12,12;363,-890,-35,0.91,-0.42,12,4;382,-885,-35,-0.00,-1.00,12,5;350,-934,-18,-0.00,-1.00,12,12;385,-885,-35,-0.00,-1.00,12,12;335,-934,-16,-0.00,-1.00,12,12;358,-899,-30,0.91,-0.42,12,1;358,-899,-25,0.91,-0.42,12,1;358,-900,-30,0.91,-0.42,12,1;358,-900,-24,0.91,-0.42,12,1;358,-899,-25,0.91,-0.42,12,1;358,-899,-30,0.91,-0.42,12,1;358,-901,-23,0.91,-0.42,12,1;358,-900,-24,0.91,-0.42,12,1;357,-901,-22,0.91,-0.42,12,1;358,-901,-29,0.91,-0.42,12,1;358,-900,-30,0.91,-0.42,12,1;358,-900,-30,0.91,-0.42,12,1;358,-900,-24,0.91,-0.42,12,1;357,-902,-29,0.91,-0.42,12,1;357,-902,-29,0.91,-0.42,12,1;357,-902,-21,0.91,-0.42,12,1;357,-901,-23,0.91,-0.42,12,1;357,-901,-29,0.91,-0.42,12,1;357,-902,-29,0.91,-0.42,12,1;357,-902,-22,0.91,-0.42,12,1;358,-901,-29,0.91,-0.42,12,1;357,-903,-28,0.91,-0.42,12,1;357,-903,-20,0.91,-0.42,12,1;356,-903,-28,0.91,-0.42,12,1;356,-904,-28,0.91,-0.42,12,1;357,-903,-28,0.91,-0.42,12,1;357,-902,-22,0.91,-0.42,12,1;357,-903,-21,0.91,-0.42,12,1;356,-903,-20,0.91,-0.42,12,1;356,-904,-28,0.91,-0.42,12,1;359,-899,-26,0.91,-0.42,12,1;356,-905,-27,0.91,-0.42,12,1;356,-905,-18,0.91,-0.42,12,1;359,-898,-31,0.91,-0.42,12,1;356,-905,-18,0.91,-0.42,12,1;359,-898,-26,0.91,-0.42,12,1;359,-897,-32,0.91,-0.42,12,1;356,-904,-19,0.91,-0.42,12,1;359,-897,-28,0.91,-0.42,12,1;356,-904,-28,0.91,-0.42,12,1;356,-904,-19,0.91,-0.42,12,1;356,-905,-27,0.91,-0.42,12,1;359,-898,-31,0.91,-0.42,12,1;359,-898,-27,0.91,-0.42,12,1;356,-904,-19,0.91,-0.42,12,1;355,-906,-17,0.91,-0.42,12,1;359,-898,-27,0.91,-0.42,12,1;355,-906,-17,0.91,-0.42,12,1;359,-899,-31,0.91,-0.42,12,1;355,-906,-27,0.91,-0.42,12,1;355,-907,-26,0.91,-0.42,12,1;355,-906,-27,0.91,-0.42,12,1;360,-896,-33,0.91,-0.42,12,1;360,-896,-29,0.91,-0.42,12,1;360,-896,-33,0.91,-0.42,12,1;355,-905,-27,0.91,-0.42,12,1;355,-905,-17,0.91,-0.42,12,1;360,-896,-29,0.91,-0.42,12,1;355,-907,-26,0.91,-0.42,12,1;360,-897,-32,0.91,-0.42,12,1;354,-908,-15,0.91,-0.42,12,1;360,-897,-28,0.91,-0.42,12,1;359,-898,-32,0.91,-0.42,12,1;355,-907,-16,0.91,-0.42,12,1;359,-897,-27,0.91,-0.42,12,1;355,-906,-26,0.91,-0.42,12,1;359,-897,-32,0.91,-0.42,12,1;355,-907,-16,0.91,-0.42,12,1;355,-907,-15,0.91,-0.42,12,1;361,-895,-34,0.91,-0.42,12,1;354,-907,-26,0.91,-0.42,12,1;360,-895,-31,0.91,-0.42,12,1;360,-895,-33,0.91,-0.42,12,1;360,-896,-29,0.91,-0.42,12,1;360,-896,-33,0.91,-0.42,12,1;360,-895,-34,0.91,-0.42,12,1;357,-915,-9,-0.42,-0.91,5,1;363,-903,-20,-0.42,-0.91,20,1;368,-893,-31,-0.42,-0.91,3,1;347,-911,-9,-0.42,-0.91,8,1;352,-899,-20,-0.42,-0.91,20,1;358,-886,-31,-0.42,-0.91,8,1;350,-923,-26,1.00,-0.00,12,4;350,-919,-25,1.00,-0.00,12,4;350,-928,-28,1.00,-0.00,12,4;348,-934,-15,-0.00,-1.00,12,5;350,-932,-26,1.00,-0.00,12,4;338,-934,-14,-0.00,-1.00,12,5;342,-934,-14,-0.00,-1.00,12,5;351,-915,-25,0.91,-0.42,12,4;352,-912,-24,0.91,-0.42,12,4;353,-910,-12,0.91,-0.42,12,1;353,-910,-24,0.91,-0.42,12,1;354,-909,-25,0.91,-0.42,12,1;353,-910,-12,0.91,-0.42,12,1;354,-909,-13,0.91,-0.42,12,1;354,-909,-25,0.91,-0.42,12,1;354,-909,-14,0.91,-0.42,12,1;354,-909,-13,0.91,-0.42,12,1;354,-909,-25,0.91,-0.42,12,1;354,-908,-25,0.91,-0.42,12,1;354,-908,-26,0.91,-0.42,12,1;354,-908,-14,0.91,-0.42,12,1;354,-908,-26,0.91,-0.42,12,1;354,-908,-14,0.91,-0.42,12,1
ROUTE|Harbor to lower station|11|332,-603,-48,1.00,-0.00,12,5;330,-582,-49,0.00,1.00,12,5;332,-594,-48,1.00,-0.00,12,5;332,-584,-49,1.00,-0.00,12,5;325,-582,-49,0.00,1.00,12,5;332,-589,-48,1.00,-0.00,12,5;332,-598,-48,1.00,-0.00,12,5;332,-582,-49,-0.00,-1.00,12,12;320,-582,-49,0.00,1.00,12,5;318,-582,-49,-0.00,-1.00,12,12;332,-605,-48,-0.00,-1.00,12,12
ROUTE|Upper terrace path|29|707,-730,59,-0.00,-1.00,10,10;701,-780,59,-0.00,-1.00,10,10;700,-662,3,-1.00,-0.10,10,5;706,-741,59,-0.99,0.12,10,5;705,-746,59,-0.99,0.12,10,5;706,-737,59,-0.99,0.12,10,5;707,-728,59,-1.00,-0.10,10,5;701,-778,59,-0.99,0.12,10,5;700,-660,1,-0.00,-1.00,10,10;702,-773,58,-0.99,0.12,10,5;703,-764,59,-0.99,0.12,10,5;702,-769,58,-0.99,0.12,10,5;704,-755,59,-0.99,0.12,10,5;707,-732,59,-0.99,0.12,10,5;703,-760,59,-0.99,0.12,10,5;705,-750,59,-0.99,0.12,10,5;704,-700,59,-1.00,-0.10,10,5;703,-690,59,-1.00,-0.10,10,5;704,-695,59,-1.00,-0.10,10,5;702,-681,59,-1.00,-0.10,10,5;702,-676,59,-1.00,-0.10,10,5;703,-686,59,-1.00,-0.10,10,5;701,-667,13,-1.00,-0.10,10,5;701,-672,58,-1.00,-0.10,10,5;706,-718,59,-1.00,-0.10,10,5;706,-723,59,-1.00,-0.10,10,5;705,-714,59,-1.00,-0.10,10,5;704,-704,59,-1.00,-0.10,10,5;705,-709,59,-1.00,-0.10,10,5
ROUTE|Via dei Pescatori|57|376,-755,-35,0.91,0.41,9,5;386,-776,-35,0.91,0.41,9,5;380,-764,-35,0.91,0.41,9,5;378,-759,-35,0.91,0.41,9,5;390,-838,-35,0.95,-0.32,9,5;388,-842,-35,0.95,-0.32,9,5;387,-847,-35,0.95,-0.32,9,5;384,-856,-35,0.95,-0.32,9,5;382,-860,-35,0.95,-0.32,9,5;398,-815,-35,0.95,-0.32,9,5;395,-824,-35,0.95,-0.32,9,5;396,-819,-35,0.95,-0.32,9,5;392,-833,-35,0.95,-0.32,9,5;385,-851,-35,0.95,-0.32,9,5;399,-810,-35,0.95,-0.32,9,5;393,-828,-35,0.95,-0.32,9,5;384,-883,-35,0.96,0.27,9,5;381,-869,-35,0.96,0.27,9,5;376,-746,-35,1.00,-0.07,9,5;376,-741,-35,1.00,-0.07,9,5;375,-751,-35,1.00,-0.07,9,5;377,-726,-35,1.00,-0.07,9,5;377,-731,-35,1.00,-0.07,9,5;381,-865,-35,0.95,-0.32,9,5;382,-874,-35,0.96,0.27,9,5;383,-878,-35,0.96,0.27,9,5;380,-692,-35,0.99,-0.12,9,5;379,-697,-35,0.99,-0.12,9,5;379,-701,-35,1.00,-0.07,9,5;376,-736,-35,1.00,-0.07,9,5;377,-721,-35,1.00,-0.07,9,5;378,-711,-35,1.00,-0.07,9,5;378,-706,-35,1.00,-0.07,9,5;378,-716,-35,1.00,-0.07,9,5;389,-785,-35,0.91,0.41,9,5;391,-789,-35,0.91,0.41,9,5;382,-768,-35,0.91,0.41,9,5;384,-772,-35,0.91,0.41,9,5;393,-793,-35,0.91,0.41,9,5;395,-797,-35,0.91,0.41,9,5;397,-802,-35,0.91,0.41,9,5;399,-806,-35,0.91,0.41,9,5;387,-780,-35,0.91,0.41,9,5;385,-650,-35,-0.00,-1.00,9,9;381,-682,-35,0.99,-0.12,9,5;380,-687,-35,0.99,-0.12,9,5;383,-667,-35,0.99,-0.12,9,5;384,-662,-35,0.99,-0.12,9,5;382,-672,-35,0.99,-0.12,9,5;385,-885,-35,-0.00,-1.00,9,9;380,-867,-35,-0.00,-1.00,9,9;379,-699,-35,-0.00,-1.00,9,9;384,-657,-35,0.99,-0.12,9,5;385,-652,-35,0.99,-0.12,9,5;400,-808,-35,-0.00,-1.00,9,9;375,-753,-35,-0.00,-1.00,9,9;382,-677,-35,0.99,-0.12,9,5
@@LM2_END@@
