meshes in: [('Mesh_0', 14999)]
tris before 14999
tris after 14999
bbox min (-1.08, -0.65, 0.0) max (1.08, 0.65, 2.4)
Z slices: z_from z_to n ymin ymax xmin xmax  (y<0 = 'front' side of view)
 0.00  0.20   776 -0.65  0.23 -1.08  0.36
 0.20  0.40   742 -0.60  0.44 -1.05  0.78
 0.40  0.60   473 -0.45  0.60 -1.01  0.88
 0.60  0.80   584 -0.48  0.61 -1.00  0.96
 0.80  1.00   815 -0.47  0.61 -0.68  0.96
 1.00  1.20   892 -0.52  0.62 -1.08  1.03
 1.20  1.40   867 -0.53  0.61 -1.03  1.08
 1.40  1.60   720 -0.39  0.65 -0.99  1.08
 1.60  1.80   691 -0.50  0.65 -0.91  1.07
 1.80  2.00   429 -0.49  0.62 -0.90  0.99
 2.00  2.20   290 -0.50  0.44 -0.79  0.76
 2.20  2.40   117 -0.29  0.21 -0.76  0.01
 2.40  2.60     1  0.04  0.04 -0.11 -0.11
Y slices: y_from y_to n zmin zmax xmin xmax
-0.65 -0.45   286  0.00  2.12 -0.56  0.36
-0.45 -0.25  1298  0.00  2.24 -0.99  0.35
-0.25 -0.05  2097  0.00  2.35 -1.08  0.70
-0.05  0.15  1471  0.01  2.40 -0.97  0.99
 0.15  0.35  1146  0.00  2.23 -0.87  1.08
 0.35  0.55   862  0.33  2.07 -0.72  1.05
 0.55  0.75   237  0.48  1.92 -0.44  0.85
PREP_DONE
