meshes in: [('Mesh_0', 7000)]
tris before 7000
tris after 7000
bbox min (-0.98, -0.94, 0.0) max (0.98, 0.94, 2.4)
Z slices: z_from z_to n ymin ymax xmin xmax  (y<0 = 'front' side of view)
 0.00  0.20   196 -0.61 -0.02 -0.57  0.39
 0.20  0.40   130 -0.66  0.24 -0.56  0.43
 0.40  0.60   220 -0.84  0.50 -0.57  0.63
 0.60  0.80   658 -0.84  0.61 -0.89  0.79
 0.80  1.00   525 -0.80  0.62 -0.98  0.92
 1.00  1.20   309 -0.78  0.62 -0.92  0.92
 1.20  1.40   291 -0.76  0.83 -0.42  0.85
 1.40  1.60   322 -0.92  0.91 -0.54  0.95
 1.60  1.80   232 -0.94  0.94 -0.54  0.98
 1.80  2.00   154 -0.80  0.90 -0.43  0.95
 2.00  2.20   279 -0.74  0.78 -0.44  0.84
 2.20  2.40   147 -0.64 -0.19 -0.44  0.30
 2.40  2.60     1 -0.27 -0.27  0.26  0.26
Y slices: y_from y_to n zmin zmax xmin xmax
-0.94 -0.74   364  0.42  2.07 -0.28  0.92
-0.74 -0.54   984  0.00  2.30 -0.49  0.88
-0.54 -0.34   715  0.00  2.37 -0.98  0.70
-0.34 -0.14   791  0.00  2.40 -0.93  0.54
-0.14  0.06   257  0.00  2.10 -0.57  0.57
 0.06  0.26    87  0.37  2.05 -0.07  0.79
 0.26  0.46    96  0.41  2.13  0.01  0.93
 0.46  0.66   100  0.54  2.13  0.06  0.98
 0.66  0.86    56  1.28  2.05  0.30  0.97
 0.86  1.06    14  1.46  1.81  0.52  0.79
PREP_DONE
