meshes in: [('Mesh_0', 15000)]
tris before 15000
tris after 15000
bbox min (-1.08, -0.75, 0.0) max (1.08, 0.75, 2.4)
Z slices: z_from z_to n ymin ymax xmin xmax  (y<0 = 'front' side of view)
 0.00  0.20   468 -0.51  0.10 -0.52  0.75
 0.20  0.40   281 -0.36  0.41 -0.41  0.56
 0.40  0.60   574 -0.69  0.62 -0.66  0.57
 0.60  0.80   556 -0.75  0.69 -0.72  0.58
 0.80  1.00   895 -0.74  0.69 -0.72  0.56
 1.00  1.20   798 -0.65  0.68 -1.02  0.72
 1.20  1.40   714 -0.49  0.74 -1.08  0.81
 1.40  1.60   715 -0.53  0.75 -1.07  0.87
 1.60  1.80   958 -0.58  0.70 -1.01  1.05
 1.80  2.00   867 -0.47  0.47 -0.79  1.08
 2.00  2.20   459 -0.44  0.21 -0.44  0.93
 2.20  2.40   203 -0.31  0.21 -0.43  0.30
 2.40  2.60     1  0.13  0.13  0.22  0.22
Y slices: y_from y_to n zmin zmax xmin xmax
-0.75 -0.55   340  0.54  1.77 -0.41  0.30
-0.55 -0.35  1255  0.00  2.19 -0.52  0.77
-0.35 -0.15  1884  0.00  2.26 -0.52  1.08
-0.15  0.05  1535  0.00  2.36 -0.71  1.06
 0.05  0.25  1146  0.00  2.40 -1.00  0.63
 0.25  0.45   604  0.38  1.91 -1.08  0.24
 0.45  0.65   573  0.42  1.80 -1.04 -0.00
 0.65  0.85   152  0.65  1.67 -0.91 -0.23
PREP_DONE
