meshes in: [('Mesh_0', 3045264)]
tris before 3045264
tris after 7000
bbox min (-0.63, -1.29, 0.0) max (0.63, 1.29, 2.4)
Z slices: z_from z_to n ymin ymax xmin xmax  (y<0 = 'front' side of view)
 0.00  0.20   313 -0.64  1.07 -0.57  0.52
 0.20  0.40   186 -0.56  1.21 -0.61  0.58
 0.40  0.60   294 -0.58  1.27 -0.63  0.63
 0.60  0.80   347 -1.06  1.27 -0.63  0.63
 0.80  1.00   350 -1.13  1.25 -0.53  0.53
 1.00  1.20   357 -1.15  1.18 -0.55  0.41
 1.20  1.40   402 -1.28  1.21 -0.48  0.49
 1.40  1.60   272 -1.29  1.28 -0.49  0.55
 1.60  1.80   389 -1.08  1.29 -0.41  0.56
 1.80  2.00   347 -1.00  1.25 -0.41  0.53
 2.00  2.20   154 -0.72  1.21 -0.38  0.47
 2.20  2.40    78 -0.64  1.03 -0.26  0.37
Y slices: y_from y_to n zmin zmax xmin xmax
-1.29 -1.09   173  0.81  1.59 -0.47  0.43
-1.09 -0.89   296  0.73  1.99 -0.55  0.42
-0.89 -0.69   311  0.65  2.09 -0.52  0.51
-0.69 -0.49   580  0.00  2.25 -0.53  0.52
-0.49 -0.29   415  0.00  2.13 -0.61  0.62
-0.29 -0.09   163  0.00  1.41 -0.63  0.63
-0.09  0.11    96  0.00  1.21 -0.63  0.62
 0.11  0.31   158  0.00  2.13 -0.60  0.57
 0.31  0.51   299  0.03  2.28 -0.47  0.47
 0.51  0.71   317  0.00  2.39 -0.39  0.55
 0.71  0.91   251  0.00  2.40 -0.39  0.56
 0.91  1.11   233  0.07  2.27 -0.33  0.55
 1.11  1.31   197  0.26  2.14 -0.23  0.48
PREP_DONE
