meshes in: [('Mesh_0', 14999)]
tris before 14999
tris after 14999
bbox min (-1.37, -0.78, 0.0) max (1.37, 0.78, 2.4)
Z slices: z_from z_to n ymin ymax xmin xmax  (y<0 = 'front' side of view)
 0.00  0.20   347 -0.67  0.54 -0.80  0.68
 0.20  0.40   342 -0.78  0.63 -0.71  0.84
 0.40  0.60   263 -0.72  0.54 -1.10  1.08
 0.60  0.80   426 -0.52  0.67 -1.21  1.23
 0.80  1.00   853 -0.54  0.72 -1.23  1.27
 1.00  1.20   833 -0.55  0.74 -1.27  1.25
 1.20  1.40   796 -0.46  0.76 -1.37  1.32
 1.40  1.60   898 -0.34  0.78 -1.37  1.37
 1.60  1.80   989 -0.50  0.77 -1.32  1.37
 1.80  2.00   855 -0.50  0.67 -1.17  1.27
 2.00  2.20   704 -0.55  0.41 -0.79  0.82
 2.20  2.40   119 -0.40  0.25 -0.53  0.78
 2.40  2.60     1 -0.04 -0.04  0.31  0.31
Y slices: y_from y_to n zmin zmax xmin xmax
-0.78 -0.58    64  0.16  0.42  0.54  0.84
-0.58 -0.38   609  0.01  2.20 -0.82  0.79
-0.38 -0.18  1618  0.00  2.31 -0.96  0.81
-0.18  0.02  1364  0.00  2.40 -1.17  0.86
 0.02  0.22  1600  0.00  2.30 -1.37  1.14
 0.22  0.42  1384  0.00  2.21 -1.37  1.32
 0.42  0.62   613  0.00  1.99 -1.18  1.37
 0.62  0.82   174  0.24  1.84  0.30  1.35
PREP_DONE
