meshes in: [('Mesh_0', 3045050)]
tris before 3045050
tris after 7000
bbox min (-2.29, -1.13, 0.0) max (2.29, 1.13, 4.76)
Z slices: z_from z_to n ymin ymax xmin xmax  (y<0 = 'front' side of view)
 0.00  0.20    93 -0.89  0.67 -1.20  0.70
 0.20  0.40   128 -0.85  0.83 -1.51  0.65
 0.40  0.60   155 -0.83  0.94 -1.57  0.64
 0.60  0.80   192 -0.81  1.00 -1.64  0.61
 0.80  1.00   151 -0.72  1.03 -1.66  0.55
 1.00  1.20   192 -0.73  1.05 -1.74  0.80
 1.20  1.40   252 -0.92  1.11 -1.89  0.96
 1.40  1.60   238 -1.13  1.13 -1.94  1.01
 1.60  1.80   178 -0.97  1.11 -1.98  0.96
 1.80  2.00   158 -0.88  1.09 -1.95  0.84
 2.00  2.20   119 -0.83  1.01 -1.87  0.83
 2.20  2.40   128 -0.81  0.75 -1.51  1.02
 2.40  2.60    59 -0.78 -0.12 -1.32  1.30
 2.60  2.80    57 -0.82 -0.48 -1.60  1.59
 2.80  3.00    57 -0.86 -0.41 -1.88  1.87
 3.00  3.20    55 -0.89 -0.35 -2.14  2.17
 3.20  3.40   128 -0.90  0.41 -2.29  2.29
 3.40  3.60   282 -0.97  0.61 -2.26  2.29
 3.60  3.80   177 -1.00  0.61 -2.20  2.22
 3.80  4.00   167 -0.97  0.58 -2.06  2.12
 4.00  4.20   163 -0.94  0.52 -1.93  1.92
 4.20  4.40   144 -0.88  0.41 -1.65  1.70
 4.40  4.60   132 -0.76  0.29 -1.22  1.26
 4.60  4.80    81 -0.63  0.12 -0.67  0.74
Y slices: y_from y_to n zmin zmax xmin xmax
-1.13 -0.93    95  1.43  4.06 -0.90  0.99
-0.93 -0.73   638  0.01  4.42 -1.72  1.79
-0.73 -0.53   690  0.02  4.64 -2.15  2.13
-0.53 -0.33   468  0.00  4.76 -2.29  2.29
-0.33 -0.13   332  0.04  4.76 -2.29  2.29
-0.13  0.07   369  0.09  4.72 -2.20  2.22
 0.07  0.27   350  0.14  4.62 -1.98  1.97
 0.27  0.47   237  0.13  4.42 -1.66  1.56
 0.47  0.67   149  0.16  4.02 -1.89  1.01
 0.67  0.87    71  0.23  2.31 -1.98 -0.80
 0.87  1.07    75  0.55  2.15 -1.98 -0.88
 1.07  1.27    12  1.27  1.89 -1.74 -1.36
PREP_DONE
