meshes in: [('Mesh_0', 3053372)]
tris before 3053372
tris after 7000
bbox min (-1.43, -1.2, 0.0) max (1.43, 1.2, 3.22)
Z slices: z_from z_to n ymin ymax xmin xmax  (y<0 = 'front' side of view)
 0.00  0.20   252 -0.53  0.84 -1.17  0.02
 0.20  0.40   164 -0.50  1.07 -1.24 -0.00
 0.40  0.60   202 -0.66  1.11 -1.34  0.00
 0.60  0.80   240 -0.82  1.13 -1.38 -0.06
 0.80  1.00   494 -0.87  1.12 -1.39  0.01
 1.00  1.20   324 -0.81  1.09 -1.37  0.06
 1.20  1.40   356 -0.89  1.09 -1.27  0.10
 1.40  1.60   264 -0.95  1.19 -1.40  1.43
 1.60  1.80   291 -0.94  1.20 -1.42  1.43
 1.80  2.00   271 -0.86  1.18 -1.43  1.42
 2.00  2.20   185 -0.83  1.16 -1.43  1.30
 2.20  2.40   135 -0.79  1.02 -1.30  1.20
 2.40  2.60    53 -0.97 -0.54  0.67  1.07
 2.60  2.80    92 -1.20 -0.41  0.77  1.10
 2.80  3.00   123 -1.13 -0.30  0.84  1.07
 3.00  3.20    39 -0.95 -0.47  0.89  1.02
 3.20  3.40     5 -0.80 -0.76  0.95  0.99
Y slices: y_from y_to n zmin zmax xmin xmax
-1.20 -1.00    45  2.63  2.96  1.02  1.10
-1.00 -0.80   319  0.77  3.21 -0.93  1.43
-0.80 -0.60   881  0.47  3.22 -1.04  1.32
-0.60 -0.40   464  0.00  3.09 -1.17  0.99
-0.40 -0.20   408  0.00  2.95 -1.17  0.90
-0.20  0.00   221  0.00  2.11 -1.17 -0.00
 0.00  0.20   286  0.00  2.02 -1.14 -0.02
 0.20  0.40   255  0.15  2.28 -1.27 -0.10
 0.40  0.60   144  0.11  2.38 -1.35 -0.38
 0.60  0.80   145  0.11  2.40 -1.41 -0.51
 0.80  1.00   162  0.16  2.31 -1.43 -0.58
 1.00  1.20   160  0.30  2.21 -1.42 -0.72
PREP_DONE
