meshes in: [('Mesh_0', 14999)]
tris before 14999
tris after 14999
bbox min (-0.68, -1.18, 0.0) max (0.68, 1.18, 2.4)
Z slices: z_from z_to n ymin ymax xmin xmax  (y<0 = 'front' side of view)
 0.00  0.20   319 -0.64  0.22 -0.61  0.51
 0.20  0.40   344 -0.58  0.87 -0.48  0.45
 0.40  0.60   254 -0.49  1.02 -0.54  0.45
 0.60  0.80   332 -0.89  1.05 -0.57  0.45
 0.80  1.00   610 -1.06  1.03 -0.57  0.63
 1.00  1.20  1043 -1.18  1.13 -0.67  0.66
 1.20  1.40  1161 -1.17  1.18 -0.68  0.68
 1.40  1.60   888 -0.90  1.17 -0.68  0.64
 1.60  1.80   779 -0.65  1.05 -0.64  0.57
 1.80  2.00   585 -0.55  0.74 -0.65  0.61
 2.00  2.20   720 -0.58  0.29 -0.58  0.61
 2.20  2.40   432 -0.61  0.22 -0.42  0.46
 2.40  2.60     1  0.06  0.06  0.18  0.18
Y slices: y_from y_to n zmin zmax xmin xmax
-1.18 -0.98   357  0.84  1.36 -0.16  0.53
-0.98 -0.78   606  0.79  1.51 -0.35  0.66
-0.78 -0.58   658  0.04  2.30 -0.40  0.68
-0.58 -0.38  1194  0.02  2.31 -0.55  0.67
-0.38 -0.18  1247  0.02  2.26 -0.63  0.60
-0.18  0.02  1052  0.00  2.37 -0.65  0.61
 0.02  0.22   964  0.01  2.40 -0.60  0.60
 0.22  0.42   640  0.11  2.20 -0.44  0.47
 0.42  0.62   210  0.27  1.74 -0.54  0.17
 0.62  0.82   191  0.29  1.80 -0.61  0.18
 0.82  1.02   232  0.37  1.78 -0.68  0.14
 1.02  1.22   117  0.60  1.66 -0.66 -0.02
PREP_DONE
