meshes in: [('Mesh_0', 14999)]
tris before 14999
tris after 14999
bbox min (-1.07, -0.71, 0.0) max (1.07, 0.71, 2.4)
Z slices: z_from z_to n ymin ymax xmin xmax  (y<0 = 'front' side of view)
 0.00  0.20   294 -0.39  0.12 -0.62  0.77
 0.20  0.40   202 -0.45  0.13 -0.35  0.68
 0.40  0.60   502 -0.51  0.59 -0.65  0.70
 0.60  0.80   621 -0.71  0.66 -0.74  0.90
 0.80  1.00   667 -0.70  0.66 -0.76  0.96
 1.00  1.20   955 -0.68  0.65 -0.81  1.07
 1.20  1.40  1384 -0.65  0.68 -1.04  1.05
 1.40  1.60   697 -0.63  0.71 -1.07  0.92
 1.60  1.80   663 -0.54  0.71 -1.07  0.53
 1.80  2.00   848 -0.47  0.65 -0.98  0.77
 2.00  2.20   315 -0.39  0.46 -0.75  0.33
 2.20  2.40   152 -0.16  0.08 -0.41  0.29
 2.40  2.60     1  0.04  0.04  0.12  0.12
Y slices: y_from y_to n zmin zmax xmin xmax
-0.71 -0.51   953  0.70  1.77 -0.13  1.05
-0.51 -0.31  1473  0.00  2.05 -0.61  1.07
-0.31 -0.11   856  0.00  2.27 -0.62  1.06
-0.11  0.09  1030  0.00  2.40 -0.81  0.97
 0.09  0.29   792  0.01  2.02 -1.01  0.73
 0.29  0.49   936  0.40  2.03 -1.07 -0.04
 0.49  0.69  1232  0.48  1.98 -1.07 -0.09
 0.69  0.89    29  1.41  1.73 -0.92 -0.66
PREP_DONE
