meshes in: [('Mesh_0', 14999)]
tris before 14999
tris after 14999
bbox min (-1.25, -0.69, 0.0) max (1.25, 0.69, 2.4)
Z slices: z_from z_to n ymin ymax xmin xmax  (y<0 = 'front' side of view)
 0.00  0.20   471 -0.53  0.43 -0.93  0.81
 0.20  0.40   467 -0.39  0.60 -0.72  1.09
 0.40  0.60   494 -0.63  0.67 -0.74  1.15
 0.60  0.80   839 -0.69  0.69 -0.74  1.18
 0.80  1.00   704 -0.64  0.69 -0.69  1.18
 1.00  1.20   873 -0.61  0.67 -0.90  1.14
 1.20  1.40   988 -0.56  0.66 -1.06  1.25
 1.40  1.60   744 -0.56  0.65 -1.08  1.25
 1.60  1.80   698 -0.45  0.64 -1.25  1.23
 1.80  2.00   471 -0.44  0.62 -1.11  1.16
 2.00  2.20   525 -0.44  0.48 -0.50  0.99
 2.20  2.40   165 -0.07  0.37 -0.48  0.35
Y slices: y_from y_to n zmin zmax xmin xmax
-0.69 -0.49   694  0.00  1.51 -0.99  0.79
-0.49 -0.29  1487  0.00  2.17 -1.25  0.81
-0.29 -0.09  1549  0.00  2.18 -1.02  0.86
-0.09  0.11  1319  0.00  2.21 -0.92  1.16
 0.11  0.31  1351  0.00  2.39 -0.66  1.25
 0.31  0.51   685  0.16  2.40 -0.47  1.24
 0.51  0.71   354  0.27  1.97  0.22  1.10
PREP_DONE
