meshes in: [('Mesh_0', 475642)]
tris before 475642
tris after 7000
bbox min (-0.83, -0.84, 0.0) max (0.83, 0.84, 2.4)
Z slices: z_from z_to n ymin ymax xmin xmax  (y<0 = 'front' side of view)
 0.00  0.20   299 -0.51  0.60 -0.39  0.53
 0.20  0.40   166 -0.51  0.74 -0.46  0.59
 0.40  0.60   198 -0.56  0.74 -0.47  0.60
 0.60  0.80   493 -0.79  0.61 -0.48  0.60
 0.80  1.00   489 -0.82  0.84 -0.56  0.69
 1.00  1.20   452 -0.84  0.67 -0.55  0.82
 1.20  1.40   473 -0.66  0.09 -0.37  0.83
 1.40  1.60    89 -0.75  0.13 -0.41  0.48
 1.60  1.80   308 -0.81  0.14 -0.71  0.52
 1.80  2.00   262 -0.66  0.25 -0.82  0.73
 2.00  2.20   157 -0.51  0.30 -0.83  0.74
 2.20  2.40   101 -0.33  0.29 -0.77  0.71
 2.40  2.60     1  0.16  0.16  0.45  0.45
Y slices: y_from y_to n zmin zmax xmin xmax
-0.84 -0.64   542  0.65  1.82 -0.44  0.48
-0.64 -0.44   964  0.00  2.03 -0.53  0.83
-0.44 -0.24   828  0.00  2.37 -0.83  0.75
-0.24 -0.04   395  0.00  2.35 -0.74  0.62
-0.04  0.16   386  0.00  2.40 -0.46  0.65
 0.16  0.36   190  0.05  2.39 -0.34  0.74
 0.36  0.56    60  0.19  0.99 -0.32  0.16
 0.56  0.76   108  0.19  1.01 -0.45  0.01
 0.76  0.96    15  0.85  0.93 -0.50 -0.42
PREP_DONE
