meshes in: [('Mesh_0', 348866)]
tris before 348866
tris after 7000
bbox min (-0.74, -1.31, 0.0) max (0.74, 1.31, 2.4)
Z slices: z_from z_to n ymin ymax xmin xmax  (y<0 = 'front' side of view)
 0.00  0.20   440 -0.63  0.84 -0.61  0.67
 0.20  0.40   275 -0.93  1.01 -0.68  0.74
 0.40  0.60   259 -0.89  1.08 -0.65  0.72
 0.60  0.80   381 -0.79  1.04 -0.58  0.66
 0.80  1.00   365 -0.77  1.03 -0.54  0.63
 1.00  1.20   209 -1.12  1.00 -0.42  0.54
 1.20  1.40   352 -1.29  1.15 -0.62  0.54
 1.40  1.60   309 -1.31  1.23 -0.74  0.61
 1.60  1.80   376 -1.12  1.31 -0.73  0.64
 1.80  2.00   289 -1.21  1.31 -0.52  0.52
 2.00  2.20   157 -0.72  1.25 -0.49  0.38
 2.20  2.40    78 -0.63  1.12 -0.39  0.35
Y slices: y_from y_to n zmin zmax xmin xmax
-1.31 -1.11   140  1.19  1.92 -0.34  0.32
-1.11 -0.91   146  0.25  1.91 -0.61  0.53
-0.91 -0.71   306  0.26  2.04 -0.72  0.61
-0.71 -0.51   705  0.00  2.28 -0.74  0.66
-0.51 -0.31   583  0.00  2.19 -0.73  0.68
-0.31 -0.11   372  0.01  2.20 -0.68  0.74
-0.11  0.09   275  0.01  1.95 -0.67  0.73
 0.09  0.29   206  0.00  2.20 -0.60  0.66
 0.29  0.49   200  0.03  2.32 -0.51  0.54
 0.49  0.69   120  0.05  2.37 -0.26  0.54
 0.69  0.89   207  0.10  2.40 -0.19  0.55
 0.89  1.09   139  0.26  2.28 -0.15  0.47
 1.09  1.29    83  1.38  2.20 -0.09  0.34
 1.29  1.49     8  1.73  1.92  0.13  0.18
PREP_DONE
