meshes in: [('Mesh_0', 1686068)]
tris before 1686068
  pass -> 168606
  pass -> 16860
  pass -> 7000
tris after 7000
bbox min (-0.82, -1.48, 0.0) max (0.82, 1.48, 2.4)
Z slices: z_from z_to n ymin ymax xmin xmax  (y<0 = 'front' side of view)
 0.00  0.20   772 -1.48  1.17 -0.82  0.59
 0.20  0.40   348 -0.98  1.35 -0.77  0.78
 0.40  0.60   309 -0.80  1.39 -0.80  0.82
 0.60  0.80   327 -0.73  1.44 -0.76  0.81
 0.80  1.00   385 -0.79  1.43 -0.73  0.68
 1.00  1.20   190 -0.78  1.32 -0.75  0.66
 1.20  1.40    93 -0.70  1.33 -0.58  0.57
 1.40  1.60   228 -0.82  1.46 -0.56  0.71
 1.60  1.80   163 -0.80  1.48 -0.54  0.75
 1.80  2.00   134 -0.68  1.44 -0.55  0.75
 2.00  2.20   128 -0.55  1.38 -0.58  0.67
 2.20  2.40    48 -0.41  1.16 -0.54  0.50
 2.40  2.60     1  0.04  0.04  0.22  0.22
Y slices: y_from y_to n zmin zmax xmin xmax
-1.48 -1.28   154  0.01  0.10 -0.42  0.34
-1.28 -1.08   186  0.01  0.15 -0.51  0.50
-1.08 -0.88   196  0.03  0.21 -0.58  0.53
-0.88 -0.68   564  0.09  1.80 -0.69  0.56
-0.68 -0.48   479  0.45  2.07 -0.70  0.59
-0.48 -0.28   170  0.00  2.28 -0.73  0.65
-0.28 -0.08   350  0.00  2.32 -0.82  0.78
-0.08  0.12   220  0.01  2.40 -0.80  0.82
 0.12  0.32   141  0.00  2.25 -0.80  0.82
 0.32  0.52   125  0.10  1.96 -0.73  0.81
 0.52  0.72   122  0.13  2.20 -0.59  0.58
 0.72  0.92   113  0.12  2.26 -0.19  0.67
 0.92  1.12   113  0.10  2.26 -0.11  0.75
 1.12  1.32   131  0.15  2.20 -0.05  0.75
 1.32  1.52    62  0.35  2.10  0.14  0.73
PREP_DONE
