meshes in: [('Mesh_0', 15000)]
tris before 15000
tris after 15000
bbox min (-0.96, -0.83, 0.0) max (0.96, 0.83, 2.4)
Z slices: z_from z_to n ymin ymax xmin xmax  (y<0 = 'front' side of view)
 0.00  0.20   742 -0.83  0.14 -0.89  0.96
 0.20  0.40   298 -0.30  0.07 -0.40  0.49
 0.40  0.60   619 -0.40  0.77 -0.68  0.55
 0.60  0.80   366 -0.51  0.83 -0.75  0.45
 0.80  1.00   890 -0.52  0.82 -0.74  0.44
 1.00  1.20  1152 -0.58  0.77 -0.92  0.66
 1.20  1.40   863 -0.57  0.80 -0.96  0.65
 1.40  1.60   600 -0.64  0.78 -0.95  0.46
 1.60  1.80   716 -0.66  0.73 -0.88  0.65
 1.80  2.00   452 -0.48  0.52 -0.66  0.58
 2.00  2.20   561 -0.41  0.29 -0.44  0.57
 2.20  2.40   119 -0.22  0.42 -0.08  0.55
 2.40  2.60     1  0.34  0.34  0.47  0.47
Y slices: y_from y_to n zmin zmax xmin xmax
-0.83 -0.63    44  0.00  1.74 -0.52  0.62
-0.63 -0.43   634  0.01  1.96 -0.89  0.96
-0.43 -0.23  1444  0.02  2.20 -0.89  0.95
-0.23 -0.03  1629  0.01  2.32 -0.72  0.68
-0.03  0.17  1771  0.01  2.26 -0.60  0.65
 0.17  0.37   816  0.45  2.40 -0.83  0.55
 0.37  0.57   420  0.42  2.37 -0.96  0.52
 0.57  0.77   527  0.44  1.76 -0.96 -0.09
 0.77  0.97    94  0.58  1.49 -0.78 -0.34
PREP_DONE
