meshes in: [('Mesh_0', 3059328)]
tris before 3059328
tris after 7000
bbox min (-0.6, -1.6, 0.0) max (0.6, 1.6, 2.4)
Z slices: z_from z_to n ymin ymax xmin xmax  (y<0 = 'front' side of view)
 0.00  0.20   287 -0.37  1.22 -0.57  0.56
 0.20  0.40   163 -0.23  1.43 -0.59  0.59
 0.40  0.60   271 -0.30  1.48 -0.60  0.60
 0.60  0.80   391 -1.58  1.50 -0.58  0.56
 0.80  1.00   437 -1.60  1.50 -0.56  0.53
 1.00  1.20   292 -1.59  1.43 -0.57  0.53
 1.20  1.40   323 -1.53  1.55 -0.47  0.41
 1.40  1.60   268 -1.54  1.60 -0.57  0.58
 1.60  1.80   308 -1.49  1.60 -0.60  0.60
 1.80  2.00   373 -1.50  1.56 -0.53  0.46
 2.00  2.20   227 -1.51  1.50 -0.50  0.44
 2.20  2.40   119 -1.53  1.33 -0.46  0.36
 2.40  2.60     1  1.11  1.11 -0.03 -0.03
Y slices: y_from y_to n zmin zmax xmin xmax
-1.60 -1.40   186  0.71  2.33  0.15  0.38
-1.40 -1.20    35  0.90  2.30  0.24  0.32
-1.20 -1.00    44  1.80  2.18  0.24  0.29
-1.00 -0.80    73  1.23  1.92 -0.15  0.27
-0.80 -0.60   297  0.66  1.96 -0.47  0.41
-0.60 -0.40   309  0.65  2.05 -0.58  0.57
-0.40 -0.20   612  0.00  2.28 -0.60  0.60
-0.20 -0.00   518  0.00  2.23 -0.59  0.58
-0.00  0.20   409  0.00  2.07 -0.59  0.59
 0.20  0.40   194  0.02  1.92 -0.60  0.60
 0.40  0.60   142  0.09  2.23 -0.56  0.56
 0.60  0.80   152  0.08  2.36 -0.45  0.45
 0.80  1.00   113  0.07  2.40 -0.45  0.38
 1.00  1.20   113  0.10  2.40 -0.46  0.39
 1.20  1.40   118  0.16  2.29 -0.44  0.38
 1.40  1.60   143  0.39  2.14 -0.40  0.32
 1.60  1.80     2  1.54  1.60 -0.06  0.03
PREP_DONE
