meshes in: [('Mesh_0', 15000)]
tris before 15000
tris after 15000
bbox min (-1.0, -0.94, 0.0) max (1.0, 0.94, 2.4)
Z slices: z_from z_to n ymin ymax xmin xmax  (y<0 = 'front' side of view)
 0.00  0.20   756 -0.86  0.61 -0.89  0.55
 0.20  0.40   658 -0.77  0.69 -0.86  0.66
 0.40  0.60   558 -0.77  0.72 -0.86  0.69
 0.60  0.80   611 -0.71  0.73 -0.86  0.70
 0.80  1.00   938 -0.94  0.91 -0.92  0.95
 1.00  1.20   698 -0.93  0.94 -0.96  0.99
 1.20  1.40   609 -0.79  0.94 -0.97  1.00
 1.40  1.60   546 -0.83  0.88 -1.00  0.94
 1.60  1.80   703 -0.87  0.73 -0.92  0.79
 1.80  2.00   557 -0.79  0.07 -0.91  0.34
 2.00  2.20   744 -0.75 -0.02 -0.91  0.38
 2.20  2.40    86 -0.45 -0.03 -0.31  0.37
 2.40  2.60     1 -0.09 -0.09 -0.25 -0.25
Y slices: y_from y_to n zmin zmax xmin xmax
-0.94 -0.74   324  0.00  2.05 -0.90  0.16
-0.74 -0.54  1477  0.00  2.17 -1.00  0.25
-0.54 -0.34  1378  0.00  2.24 -0.91  0.35
-0.34 -0.14   977  0.00  2.30 -0.89  0.38
-0.14  0.06  1118  0.00  2.40 -0.83  0.58
 0.06  0.26   684  0.00  1.82 -0.65  0.75
 0.26  0.46   456  0.00  1.69 -0.14  0.91
 0.46  0.66   605  0.03  1.70 -0.05  0.99
 0.66  0.86   353  0.30  1.65  0.12  1.00
 0.86  1.06    93  0.91  1.48  0.45  0.90
PREP_DONE
