meshes in: [('Mesh_0', 15000)]
tris before 15000
tris after 15000
bbox min (-0.9, -0.59, 0.0) max (0.9, 0.59, 2.4)
Z slices: z_from z_to n ymin ymax xmin xmax  (y<0 = 'front' side of view)
 0.00  0.20    54 -0.49 -0.31 -0.29 -0.11
 0.20  0.40   153 -0.46 -0.35 -0.29 -0.18
 0.40  0.60   265 -0.54  0.27 -0.63  0.51
 0.60  0.80   456 -0.53  0.42 -0.63  0.70
 0.80  1.00   653 -0.44  0.48 -0.67  0.80
 1.00  1.20   676 -0.42  0.50 -0.65  0.81
 1.20  1.40  1009 -0.59  0.54 -0.77  0.79
 1.40  1.60   904 -0.57  0.57 -0.75  0.88
 1.60  1.80  1045 -0.53  0.59 -0.85  0.90
 1.80  2.00   899 -0.48  0.58 -0.90  0.89
 2.00  2.20   813 -0.34  0.50 -0.75  0.75
 2.20  2.40   529 -0.32  0.21 -0.71 -0.05
Y slices: y_from y_to n zmin zmax xmin xmax
-0.59 -0.39   771  0.00  1.90 -0.83  0.11
-0.39 -0.19  2055  0.00  2.35 -0.77  0.19
-0.19  0.01  1425  0.53  2.39 -0.84  0.26
 0.01  0.21  1836  0.63  2.40 -0.90  0.77
 0.21  0.41   872  0.59  2.21 -0.90  0.90
 0.41  0.61   497  0.76  2.11 -0.79  0.88
PREP_DONE
