meshes in: [('Mesh_0', 1934764)]
tris before 1934764
tris after 9500
bbox min (-1.18, -2.85, 0.0) max (1.18, 2.85, 5.0) (nose -Y)
y_from y_to n zmin zmax xmin xmax
 -2.85  -2.60   105  3.32  3.81 -0.25  0.34
 -2.60  -2.35    99  2.95  3.90 -0.39  0.44
 -2.35  -2.10   280  2.89  4.96 -1.09  0.44
 -2.10  -1.85   370  2.88  5.00 -1.09  0.74
 -1.85  -1.60   391  3.03  4.97 -1.07  1.15
 -1.60  -1.35   344  2.63  4.93 -1.03  1.18
 -1.35  -1.10   402  0.01  4.83 -0.85  1.17
 -1.10  -0.85   312  0.01  4.60 -1.04  0.88
 -0.85  -0.60   308  0.01  4.13 -1.18  0.59
 -0.60  -0.35   292  0.01  3.77 -1.16  0.52
 -0.35  -0.10   193  0.08  3.32 -0.99  0.46
 -0.10   0.15    78  1.55  3.17 -0.93  0.49
  0.15   0.40    66  1.56  3.08 -0.91  0.49
  0.40   0.65    70  1.60  3.06 -0.90  0.47
  0.65   0.90    58  1.67  3.05 -0.82  0.44
  0.90   1.15    61  1.80  3.08 -0.77  0.43
  1.15   1.40    98  1.69  3.10 -0.71  0.58
  1.40   1.65   114  1.41  3.10 -0.80  0.70
  1.65   1.90   126  1.18  3.09 -0.84  0.74
  1.90   2.15   330  0.01  3.02 -0.95  0.97
  2.15   2.40   383  0.00  2.86 -1.02  0.98
  2.40   2.65   208  0.02  3.33 -0.91  0.92
  2.65   2.90    60  0.92  3.38 -0.56  0.33
legs z<40%: y_from y_to  xL_min xL_max  xR_min xR_max  n
 -1.35  -1.10   0.00  0.69   0.00  0.00 81
 -1.10  -0.85   0.00  0.69  -1.04 -0.03 157
 -0.85  -0.60   0.00  0.59  -1.18 -0.02 216
 -0.60  -0.35   0.04  0.52  -1.16 -0.03 207
 -0.35  -0.10   0.01  0.32  -0.99 -0.05 122
 -0.10   0.15   0.04  0.36  -0.79 -0.03 23
  0.15   0.40   0.04  0.37  -0.80 -0.03 23
  0.40   0.65   0.07  0.32  -0.78 -0.01 21
  0.65   0.90   0.02  0.33  -0.73 -0.02 20
  0.90   1.15   0.10  0.28  -0.52 -0.02 13
  1.15   1.40   0.05  0.56  -0.58 -0.00 35
  1.40   1.65   0.06  0.70  -0.78 -0.05 62
  1.65   1.90   0.03  0.74  -0.84 -0.04 75
  1.90   2.15   0.11  0.97  -0.95 -0.04 246
  2.15   2.40   0.38  0.98  -1.02 -0.31 297
  2.40   2.65   0.46  0.92  -0.91 -0.37 162
  2.65   2.90   0.00  0.00  -0.56 -0.49 3
PREP_DONE
