vertex sets: frontpaw 343 hindpaw 370 hindlower 64 butt 28
pitch drop thigh | butt  hpaw  fpaw | score
  -24   -22 1.20  -68 |  0.80 -0.28  0.21 | 1.29
  -24   -22 1.20  -76 |  0.82 -0.11  0.21 | 1.14
  -24   -22 1.20  -84 |  0.83  0.07  0.21 | 1.11
  -24   -22 1.35  -68 |  0.65 -0.43  0.06 | 1.14
  -24   -22 1.35  -76 |  0.67 -0.26  0.06 | 0.99
  -24   -22 1.35  -84 |  0.68 -0.08  0.06 | 0.82
  -24   -22 1.50  -68 |  0.50 -0.58 -0.09 | 1.17
  -24   -22 1.50  -76 |  0.52 -0.41 -0.09 | 1.02
  -24   -22 1.50  -84 |  0.53 -0.23 -0.09 | 0.86
  -24   -28 1.20  -68 |  0.80 -0.28  0.28 | 1.36
  -24   -28 1.20  -76 |  0.82 -0.11  0.28 | 1.21
  -24   -28 1.20  -84 |  0.83  0.07  0.28 | 1.18
  -24   -28 1.35  -68 |  0.65 -0.43  0.13 | 1.21
  -24   -28 1.35  -76 |  0.67 -0.26  0.13 | 1.06
  -24   -28 1.35  -84 |  0.68 -0.08  0.13 | 0.90
  -24   -28 1.50  -68 |  0.50 -0.58 -0.02 | 1.10
  -24   -28 1.50  -76 |  0.52 -0.41 -0.02 | 0.95
  -24   -28 1.50  -84 |  0.53 -0.23 -0.02 | 0.79
  -24   -34 1.20  -68 |  0.80 -0.28  0.35 | 1.43
  -24   -34 1.20  -76 |  0.82 -0.11  0.35 | 1.28
  -24   -34 1.20  -84 |  0.83  0.07  0.35 | 1.25
  -24   -34 1.35  -68 |  0.65 -0.43  0.20 | 1.28
  -24   -34 1.35  -76 |  0.67 -0.26  0.20 | 1.13
  -24   -34 1.35  -84 |  0.68 -0.08  0.20 | 0.96
  -24   -34 1.50  -68 |  0.50 -0.58  0.05 | 1.13
  -24   -34 1.50  -76 |  0.52 -0.41  0.05 | 0.98
  -24   -34 1.50  -84 |  0.53 -0.23  0.05 | 0.81
  -30   -22 1.20  -68 |  0.82 -0.29  0.43 | 1.55
  -30   -22 1.20  -76 |  0.84 -0.12  0.43 | 1.39
  -30   -22 1.20  -84 |  0.85  0.06  0.43 | 1.34
  -30   -22 1.35  -68 |  0.67 -0.44  0.28 | 1.40
  -30   -22 1.35  -76 |  0.69 -0.27  0.28 | 1.24
  -30   -22 1.35  -84 |  0.70 -0.09  0.28 | 1.08
  -30   -22 1.50  -68 |  0.52 -0.59  0.13 | 1.25
  -30   -22 1.50  -76 |  0.54 -0.42  0.13 | 1.09
  -30   -22 1.50  -84 |  0.55 -0.24  0.13 | 0.93
  -30   -28 1.20  -68 |  0.82 -0.29  0.50 | 1.61
  -30   -28 1.20  -76 |  0.84 -0.12  0.50 | 1.46
  -30   -28 1.20  -84 |  0.85  0.06  0.50 | 1.41
  -30   -28 1.35  -68 |  0.67 -0.44  0.35 | 1.46
  -30   -28 1.35  -76 |  0.69 -0.27  0.35 | 1.31
  -30   -28 1.35  -84 |  0.70 -0.09  0.35 | 1.15
  -30   -28 1.50  -68 |  0.52 -0.59  0.20 | 1.31
  -30   -28 1.50  -76 |  0.54 -0.42  0.20 | 1.16
  -30   -28 1.50  -84 |  0.55 -0.24  0.20 | 1.00
  -30   -34 1.20  -68 |  0.82 -0.29  0.56 | 1.67
  -30   -34 1.20  -76 |  0.84 -0.12  0.56 | 1.52
  -30   -34 1.20  -84 |  0.85  0.06  0.56 | 1.47
  -30   -34 1.35  -68 |  0.67 -0.44  0.41 | 1.52
  -30   -34 1.35  -76 |  0.69 -0.27  0.41 | 1.37
  -30   -34 1.35  -84 |  0.70 -0.09  0.41 | 1.21
  -30   -34 1.50  -68 |  0.52 -0.59  0.26 | 1.37
  -30   -34 1.50  -76 |  0.54 -0.42  0.26 | 1.22
  -30   -34 1.50  -84 |  0.55 -0.24  0.26 | 1.06
  -36   -22 1.20  -68 |  0.84 -0.30  0.64 | 1.78
  -36   -22 1.20  -76 |  0.86 -0.13  0.64 | 1.63
  -36   -22 1.20  -84 |  0.87  0.05  0.64 | 1.56
  -36   -22 1.35  -68 |  0.69 -0.45  0.49 | 1.63
  -36   -22 1.35  -76 |  0.71 -0.28  0.49 | 1.48
  -36   -22 1.35  -84 |  0.72 -0.10  0.49 | 1.32
  -36   -22 1.50  -68 |  0.54 -0.60  0.34 | 1.48
  -36   -22 1.50  -76 |  0.56 -0.43  0.34 | 1.33
  -36   -22 1.50  -84 |  0.57 -0.25  0.34 | 1.17
  -36   -28 1.20  -68 |  0.84 -0.30  0.70 | 1.84
  -36   -28 1.20  -76 |  0.86 -0.13  0.70 | 1.69
  -36   -28 1.20  -84 |  0.87  0.05  0.70 | 1.62
  -36   -28 1.35  -68 |  0.69 -0.45  0.55 | 1.69
  -36   -28 1.35  -76 |  0.71 -0.28  0.55 | 1.54
  -36   -28 1.35  -84 |  0.72 -0.10  0.55 | 1.38
  -36   -28 1.50  -68 |  0.54 -0.60  0.40 | 1.54
  -36   -28 1.50  -76 |  0.56 -0.43  0.40 | 1.39
  -36   -28 1.50  -84 |  0.57 -0.25  0.40 | 1.23
  -36   -34 1.20  -68 |  0.84 -0.30  0.75 | 1.89
  -36   -34 1.20  -76 |  0.86 -0.13  0.75 | 1.74
  -36   -34 1.20  -84 |  0.87  0.05  0.75 | 1.67
  -36   -34 1.35  -68 |  0.69 -0.45  0.60 | 1.74
  -36   -34 1.35  -76 |  0.71 -0.28  0.60 | 1.59
  -36   -34 1.35  -84 |  0.72 -0.10  0.60 | 1.43
  -36   -34 1.50  -68 |  0.54 -0.60  0.45 | 1.59
  -36   -34 1.50  -76 |  0.56 -0.43  0.45 | 1.44
  -36   -34 1.50  -84 |  0.57 -0.25  0.45 | 1.28
BEST:
(0.7877638805657625, -24, -28, 1.5, -84, 0.5343210697174072, -0.23312747478485107, -0.02031533606350422)
(0.8142023906111717, -24, -34, 1.5, -84, 0.5343210697174072, -0.23312747478485107, 0.04675384610891342)
(0.8238335251808167, -24, -22, 1.35, -84, 0.6843212246894836, -0.08312737941741943, 0.056384921073913574)
(0.861063688993454, -24, -22, 1.5, -84, 0.5343210697174072, -0.23312747478485107, -0.09361514449119568)
(0.8971331864595413, -24, -28, 1.35, -84, 0.6843212246894836, -0.08312737941741943, 0.12968458235263824)
(0.931488648056984, -30, -22, 1.5, -84, 0.5525850057601929, -0.24492251873016357, 0.1339811235666275)
TUNE_DONE
