meshes in: [('Mesh_0', 3072164)]
tris before 3072164
tris after 7000
bbox min (-0.65, -1.32, 0.0) max (0.65, 1.32, 2.4)
Z slices: z_from z_to n ymin ymax xmin xmax  (y<0 = 'front' side of view)
 0.00  0.20   151 -0.68  1.02 -0.55  0.52
 0.20  0.40   103 -0.82  1.13 -0.57  0.58
 0.40  0.60   589 -0.86  1.14 -0.65  0.65
 0.60  0.80   729 -0.86  1.18 -0.63  0.63
 0.80  1.00   670 -0.93  1.20 -0.56  0.57
 1.00  1.20   535 -1.12  1.18 -0.49  0.49
 1.20  1.40   265 -1.32  1.21 -0.47  0.43
 1.40  1.60   165 -1.31  1.32 -0.48  0.48
 1.60  1.80   102 -1.24  1.31 -0.45  0.44
 1.80  2.00    89 -0.99  1.31 -0.49  0.46
 2.00  2.20    38 -0.81  1.27 -0.45  0.42
 2.20  2.40    29 -0.78  1.09 -0.33  0.21
 2.40  2.60     1  0.84  0.84  0.03  0.03
Y slices: y_from y_to n zmin zmax xmin xmax
-1.32 -1.12   136  1.23  1.66 -0.35  0.40
-1.12 -0.92    95  0.92  1.86 -0.45  0.48
-0.92 -0.72   507  0.34  2.21 -0.49  0.50
-0.72 -0.52   547  0.01  2.15 -0.53  0.57
-0.52 -0.32   429  0.01  1.80 -0.61  0.61
-0.32 -0.12   391  0.01  1.49 -0.65  0.65
-0.12  0.08   350  0.00  1.24 -0.65  0.65
 0.08  0.28   341  0.00  2.03 -0.61  0.61
 0.28  0.48   329  0.04  2.21 -0.51  0.51
 0.48  0.68   155  0.03  2.38 -0.43  0.36
 0.68  0.88    54  0.01  2.40 -0.42  0.43
 0.88  1.08    63  0.10  2.39 -0.39  0.45
 1.08  1.28    59  0.32  2.24 -0.25  0.41
 1.28  1.48    10  1.43  1.83 -0.04  0.29
PREP_DONE
