meshes in: [('Mesh_0', 14999)]
tris before 14999
tris after 14999
bbox min (-1.08, -1.0, 0.0) max (1.08, 1.0, 2.4)
Z slices: z_from z_to n ymin ymax xmin xmax  (y<0 = 'front' side of view)
 0.00  0.20   621 -0.79  0.83 -0.78  0.73
 0.20  0.40   329 -0.68  0.92 -0.74  0.87
 0.40  0.60   277 -0.68  0.98 -0.73  0.90
 0.60  0.80   408 -0.76  1.00 -0.86  0.94
 0.80  1.00   876 -0.80  0.99 -0.96  0.94
 1.00  1.20   473 -0.76  0.92 -1.00  0.92
 1.20  1.40   513 -0.77  0.94 -1.06  1.02
 1.40  1.60   595 -0.97  0.97 -1.08  1.06
 1.60  1.80  1072 -1.00  0.96 -1.00  1.07
 1.80  2.00   902 -0.87  0.91 -0.95  1.08
 2.00  2.20  1194 -0.81  0.85 -0.99  1.00
 2.20  2.40   202 -0.44  0.59 -0.57  0.77
 2.40  2.60     1 -0.22 -0.22 -0.43 -0.43
Y slices: y_from y_to n zmin zmax xmin xmax
-1.00 -0.80   186  0.84  2.12 -0.59  0.13
-0.80 -0.60  1318  0.02  2.14 -1.08  0.42
-0.60 -0.40  1525  0.00  2.24 -1.00  0.53
-0.40 -0.20  1155  0.00  2.40 -0.99  0.57
-0.20  0.00  1238  0.00  2.39 -0.74  0.58
 0.00  0.20   634  0.00  2.16 -0.69  0.81
 0.20  0.40   449  0.03  2.29 -0.58  0.96
 0.40  0.60   359  0.00  2.29 -0.41  1.06
 0.60  0.80   303  0.01  2.20  0.10  1.08
 0.80  1.00   296  0.16  2.07  0.24  1.06
PREP_DONE
