meshes in: [('Mesh_0', 14999)]
tris before 14999
tris after 14999
bbox min (-0.96, -0.84, 0.0) max (0.96, 0.84, 2.4)
Z slices: z_from z_to n ymin ymax xmin xmax  (y<0 = 'front' side of view)
 0.00  0.20   561 -0.59  0.03 -0.66  0.96
 0.20  0.40   530 -0.40  0.51 -0.59  0.77
 0.40  0.60   523 -0.50  0.68 -0.76  0.79
 0.60  0.80   453 -0.49  0.73 -0.83  0.78
 0.80  1.00   676 -0.55  0.76 -0.83  0.75
 1.00  1.20   624 -0.54  0.76 -0.86  0.77
 1.20  1.40   733 -0.73  0.79 -0.95  0.88
 1.40  1.60   762 -0.74  0.84 -0.96  0.89
 1.60  1.80   969 -0.84  0.83 -0.93  0.89
 1.80  2.00   918 -0.84  0.71 -0.85  0.87
 2.00  2.20   447 -0.31  0.26 -0.28  0.49
 2.20  2.40   169 -0.15  0.21 -0.23  0.46
Y slices: y_from y_to n zmin zmax xmin xmax
-0.84 -0.64   327  1.28  1.94  0.04  0.89
-0.64 -0.44  1016  0.00  1.99 -0.64  0.94
-0.44 -0.24  1906  0.00  2.16 -0.66  0.96
-0.24 -0.04  1417  0.00  2.23 -0.61  0.87
-0.04  0.16  1336  0.00  2.38 -0.65  0.77
 0.16  0.36   736  0.30  2.40 -0.82  0.60
 0.36  0.56   325  0.32  2.00 -0.96  0.19
 0.56  0.76   263  0.45  1.93 -0.95  0.03
 0.76  0.96    39  1.00  1.69 -0.73 -0.14
PREP_DONE
