meshes in: [('Mesh_0', 580910)]
tris before 580910
tris after 7000
bbox min (-0.73, -1.3, 0.0) max (0.73, 1.3, 2.4)
Z slices: z_from z_to n ymin ymax xmin xmax  (y<0 = 'front' side of view)
 0.00  0.20   272 -0.71  0.98 -0.63  0.63
 0.20  0.40   123 -0.72  1.07 -0.69  0.70
 0.40  0.60   261 -0.78  1.17 -0.73  0.73
 0.60  0.80   340 -0.79  1.16 -0.69  0.72
 0.80  1.00   277 -0.98  1.17 -0.58  0.64
 1.00  1.20   498 -1.30  1.11 -0.57  0.63
 1.20  1.40   656 -1.30  1.10 -0.51  0.53
 1.40  1.60   244 -1.30  1.25 -0.61  0.62
 1.60  1.80   308 -1.07  1.29 -0.63  0.70
 1.80  2.00   260 -0.91  1.30 -0.59  0.70
 2.00  2.20   154 -0.97  1.24 -0.52  0.53
 2.20  2.40    95 -0.59  1.11 -0.42  0.47
Y slices: y_from y_to n zmin zmax xmin xmax
-1.30 -1.10   227  1.02  1.42 -0.33  0.52
-1.10 -0.90   428  0.88  2.12 -0.41  0.55
-0.90 -0.70   431  0.05  2.13 -0.48  0.63
-0.70 -0.50   819  0.00  2.23 -0.60  0.67
-0.50 -0.30   457  0.00  2.38 -0.71  0.73
-0.30 -0.10   347  0.00  2.40 -0.73  0.72
-0.10  0.10   167  0.00  2.03 -0.71  0.69
 0.10  0.30   144  0.03  2.06 -0.62  0.60
 0.30  0.50   160  0.12  2.27 -0.51  0.42
 0.50  0.70    63  0.05  2.36 -0.61  0.31
 0.70  0.90    76  0.06  2.39 -0.63  0.33
 0.90  1.10    89  0.13  2.36 -0.58  0.31
 1.10  1.30    78  0.40  2.23 -0.52  0.16
 1.30  1.50     2  1.88  1.88 -0.33 -0.28
PREP_DONE
