meshes in: [('Mesh_0', 14999)]
tris before 14999
tris after 14999
bbox min (-0.92, -0.69, 0.0) max (0.92, 0.69, 2.4)
Z slices: z_from z_to n ymin ymax xmin xmax  (y<0 = 'front' side of view)
 0.00  0.20   167 -0.49  0.09  0.15  0.57
 0.20  0.40   399 -0.50  0.47 -0.54  0.59
 0.40  0.60   614 -0.51  0.60 -0.72  0.52
 0.60  0.80   621 -0.59  0.65 -0.76  0.54
 0.80  1.00   563 -0.59  0.64 -0.77  0.55
 1.00  1.20   846 -0.69  0.59 -0.86  0.71
 1.20  1.40  1076 -0.67  0.66 -0.92  0.81
 1.40  1.60   980 -0.60  0.69 -0.91  0.92
 1.60  1.80   682 -0.65  0.67 -0.87  0.86
 1.80  2.00   677 -0.58  0.47 -0.63  0.80
 2.00  2.20   536 -0.53  0.42 -0.46  0.75
 2.20  2.40   283 -0.47  0.35 -0.41  0.40
 2.40  2.60     1 -0.18 -0.18  0.31  0.31
Y slices: y_from y_to n zmin zmax xmin xmax
-0.69 -0.49   904  0.20  2.20 -0.38  0.92
-0.49 -0.29  1550  0.16  2.39 -0.43  0.91
-0.29 -0.09  1384  0.01  2.40 -0.42  0.80
-0.09  0.11  1303  0.00  2.38 -0.58  0.63
 0.11  0.31  1207  0.26  2.36 -0.87  0.56
 0.31  0.51   733  0.30  2.33 -0.92  0.36
 0.51  0.71   364  0.44  1.76 -0.88 -0.02
PREP_DONE
