meshes in: [('Mesh_0', 610360)]
tris before 610360
tris after 7000
bbox min (-0.96, -1.36, 0.0) max (0.96, 1.36, 2.4)
Z slices: z_from z_to n ymin ymax xmin xmax  (y<0 = 'front' side of view)
 0.00  0.20   250 -0.91  0.82 -0.75  0.43
 0.20  0.40   113 -0.78  0.93 -0.85  0.50
 0.40  0.60   126 -1.04  1.02 -0.85  0.90
 0.60  0.80   692 -1.11  1.04 -0.82  0.95
 0.80  1.00   567 -1.07  1.06 -0.72  0.96
 1.00  1.20   436 -1.02  1.05 -0.69  0.86
 1.20  1.40   315 -1.05  0.96 -0.85  0.77
 1.40  1.60   181 -1.31  0.93 -0.96  0.56
 1.60  1.80   272 -1.36  1.36 -0.95  0.55
 1.80  2.00   213 -1.15  1.34 -0.79  0.64
 2.00  2.20   208 -1.16  1.28 -0.71  0.65
 2.20  2.40   114 -0.97  1.11 -0.63  0.60
 2.40  2.60     1  0.79  0.79  0.24  0.24
Y slices: y_from y_to n zmin zmax xmin xmax
-1.36 -1.16   108  1.46  1.76 -0.53  0.31
-1.16 -0.96   498  0.50  2.24 -0.95  0.91
-0.96 -0.76   988  0.01  2.33 -0.96  0.96
-0.76 -0.56   810  0.00  2.40 -0.85  0.94
-0.56 -0.36   358  0.00  2.39 -0.84  0.83
-0.36 -0.16   214  0.00  2.31 -0.85  0.53
-0.16  0.04    97  0.01  1.91 -0.80  0.48
 0.04  0.24    40  0.04  1.03 -0.70  0.40
 0.24  0.44   100  0.15  2.15 -0.60  0.46
 0.44  0.64    59  0.12  2.32 -0.26  0.59
 0.64  0.84    72  0.12  2.40 -0.19  0.63
 0.84  1.04    92  0.24  2.39 -0.12  0.62
 1.04  1.24    31  0.81  2.21  0.09  0.55
 1.24  1.44    21  1.67  2.08  0.32  0.55
PREP_DONE
