meshes in: [('Mesh_0', 3044236)]
tris before 3044236
tris after 7000
bbox min (-0.62, -1.42, 0.0) max (0.62, 1.42, 2.4)
Z slices: z_from z_to n ymin ymax xmin xmax  (y<0 = 'front' side of view)
 0.00  0.20   324 -0.72  1.06 -0.60  0.59
 0.20  0.40   170 -0.58  1.17 -0.62  0.62
 0.40  0.60   157 -0.63  1.24 -0.62  0.62
 0.60  0.80   270 -1.01  1.22 -0.55  0.57
 0.80  1.00   444 -1.12  1.20 -0.47  0.53
 1.00  1.20   314 -1.25  1.19 -0.53  0.45
 1.20  1.40   372 -1.35  1.29 -0.54  0.52
 1.40  1.60   367 -1.42  1.34 -0.42  0.52
 1.60  1.80   311 -1.42  1.42 -0.43  0.56
 1.80  2.00   364 -1.41  1.41 -0.42  0.60
 2.00  2.20   284 -1.11  1.31 -0.35  0.57
 2.20  2.40   114 -0.89  1.13 -0.27  0.31
 2.40  2.60     1  0.72  0.72  0.03  0.03
Y slices: y_from y_to n zmin zmax xmin xmax
-1.42 -1.22   223  1.14  1.98 -0.53  0.52
-1.22 -1.02   267  0.80  2.09 -0.54  0.52
-1.02 -0.82   383  0.66  2.35 -0.42  0.52
-0.82 -0.62   543  0.00  2.34 -0.56  0.60
-0.62 -0.42   348  0.00  2.18 -0.59  0.60
-0.42 -0.22   242  0.00  1.86 -0.62  0.62
-0.22 -0.02   102  0.00  1.29 -0.62  0.61
-0.02  0.18   128  0.00  2.02 -0.60  0.60
 0.18  0.38   245  0.01  2.22 -0.48  0.48
 0.38  0.58   221  0.00  2.36 -0.42  0.38
 0.58  0.78   207  0.00  2.40 -0.43  0.38
 0.78  0.98   268  0.03  2.40 -0.40  0.37
 0.98  1.18   186  0.17  2.28 -0.34  0.35
 1.18  1.38   120  0.40  2.18 -0.21  0.26
 1.38  1.58     9  1.74  1.93  0.04  0.11
PREP_DONE
