meshes in: [('Mesh_0', 14999)]
tris before 14999
tris after 14999
bbox min (-0.95, -0.57, 0.0) max (0.95, 0.57, 2.4)
Z slices: z_from z_to n ymin ymax xmin xmax  (y<0 = 'front' side of view)
 0.00  0.20   591 -0.47  0.19 -0.27  0.71
 0.20  0.40   158 -0.37  0.15 -0.24  0.52
 0.40  0.60   433 -0.40  0.48 -0.65  0.56
 0.60  0.80   743 -0.51  0.53 -0.79  0.55
 0.80  1.00  1128 -0.57  0.54 -0.82  0.49
 1.00  1.20  1311 -0.55  0.51 -0.82  0.78
 1.20  1.40   735 -0.54  0.49 -0.91  0.94
 1.40  1.60   772 -0.44  0.56 -0.95  0.95
 1.60  1.80   526 -0.47  0.57 -0.94  0.90
 1.80  2.00   506 -0.42  0.57 -0.89  0.84
 2.00  2.20   413 -0.40  0.44 -0.69  0.85
 2.20  2.40   112 -0.26 -0.02  0.08  0.52
 2.40  2.60     1 -0.15 -0.15  0.23  0.23
Y slices: y_from y_to n zmin zmax xmin xmax
-0.57 -0.37  1114  0.01  2.05 -0.40  0.91
-0.37 -0.17  2337  0.00  2.36 -0.42  0.95
-0.17  0.03  1879  0.00  2.40 -0.46  0.85
 0.03  0.23  1303  0.00  2.18 -0.85  0.85
 0.23  0.43   517  0.41  2.12 -0.95  0.58
 0.43  0.63   279  0.53  2.01 -0.91 -0.09
PREP_DONE
