meshes in: [('Mesh_0', 787006)]
tris before 787006
tris after 7000
bbox min (-0.94, -0.97, 0.0) max (0.94, 0.97, 2.4)
Z slices: z_from z_to n ymin ymax xmin xmax  (y<0 = 'front' side of view)
 0.00  0.20   230 -0.61  0.57 -0.41  0.78
 0.20  0.40   148 -0.63  0.78 -0.62  0.72
 0.40  0.60    80 -0.68  0.87 -0.76  0.73
 0.60  0.80   170 -0.70  0.86 -0.85  0.70
 0.80  1.00   632 -0.73  0.90 -0.85  0.78
 1.00  1.20   561 -0.64  0.95 -0.78  0.88
 1.20  1.40   462 -0.64  0.91 -0.90  0.93
 1.40  1.60   281 -0.79  0.97 -0.94  0.91
 1.60  1.80   233 -0.80  0.91 -0.94  0.94
 1.80  2.00   345 -0.97  0.83 -0.85  0.93
 2.00  2.20   202 -0.96  0.68 -0.62  0.76
 2.20  2.40   130 -0.53  0.07 -0.27  0.69
Y slices: y_from y_to n zmin zmax xmin xmax
-0.97 -0.77    50  1.57  2.03 -0.19  0.61
-0.77 -0.57   393  0.03  2.08 -0.55  0.93
-0.57 -0.37  1125  0.00  2.33 -0.52  0.92
-0.37 -0.17   840  0.00  2.40 -0.53  0.94
-0.17  0.03   535  0.03  2.40 -0.45  0.80
 0.03  0.23   170  0.29  2.26 -0.57  0.61
 0.23  0.43    87  0.22  1.92 -0.87  0.41
 0.43  0.63   131  0.19  2.03 -0.94  0.20
 0.63  0.83   108  0.23  2.01 -0.94  0.09
 0.83  1.03    35  0.41  1.77 -0.71 -0.08
PREP_DONE
