meshes in: [('Mesh_0', 3065448)]
tris before 3065448
tris after 7000
bbox min (-0.84, -1.19, 0.0) max (0.84, 1.19, 2.4)
Z slices: z_from z_to n ymin ymax xmin xmax  (y<0 = 'front' side of view)
 0.00  0.20   270 -0.48  0.77 -0.76  0.32
 0.20  0.40   226 -0.45  0.97 -0.80  0.35
 0.40  0.60   205 -0.58  1.07 -0.81  0.36
 0.60  0.80   286 -0.65  1.07 -0.82  0.30
 0.80  1.00   307 -0.77  1.06 -0.84  0.23
 1.00  1.20   392 -0.77  1.03 -0.74  0.18
 1.20  1.40   316 -0.76  1.14 -0.63  0.17
 1.40  1.60   262 -0.75  1.19 -0.60  0.82
 1.60  1.80   350 -1.19  1.19 -0.60  0.84
 1.80  2.00   348 -1.15  1.10 -0.56  0.80
 2.00  2.20   304 -1.07  0.89 -0.40  0.73
 2.20  2.40   231 -0.91 -0.18 -0.19  0.55
 2.40  2.60     1 -0.52 -0.52  0.38  0.38
Y slices: y_from y_to n zmin zmax xmin xmax
-1.19 -0.99   119  1.70  2.10 -0.16  0.58
-0.99 -0.79   117  1.71  2.29 -0.27  0.74
-0.79 -0.59   336  0.72  2.33 -0.77  0.83
-0.59 -0.39   748  0.00  2.40 -0.84  0.84
-0.39 -0.19   576  0.00  2.33 -0.83  0.77
-0.19  0.01   472  0.01  2.23 -0.81  0.73
 0.01  0.21   233  0.09  2.02 -0.73  0.47
 0.21  0.41   205  0.12  1.87 -0.61  0.13
 0.41  0.61   181  0.13  2.01 -0.57  0.09
 0.61  0.81   225  0.14  2.04 -0.59  0.09
 0.81  1.01   185  0.25  2.02 -0.60  0.00
 1.01  1.21   101  0.51  1.87 -0.56 -0.09
PREP_DONE
