meshes in: [('Mesh_0', 279999)]
tris before 279999
  pass -> 27999
  pass -> 7631
  pass -> 7449
  pass -> 7423
  pass -> 7419
  pass -> 7417
  pass -> 7415
  pass -> 7415
tris after 7415
bbox min (-1.12, -1.66, 0.0) max (1.12, 1.66, 2.4)
Z slices: z_from z_to n ymin ymax xmin xmax  (y<0 = 'front' side of view)
 0.00  0.20   329 -1.56  0.33 -0.80  0.57
 0.20  0.40   184 -1.60 -0.25 -1.00  0.71
 0.40  0.60   218 -1.65 -0.14 -1.08  0.76
 0.60  0.80   460 -1.66 -0.07 -1.12  0.73
 0.80  1.00   351 -1.61  0.01 -1.09  0.75
 1.00  1.20   234 -1.59  0.01 -1.06  0.65
 1.20  1.40   487 -1.61 -0.00 -0.90  0.62
 1.40  1.60    32 -1.47 -0.04 -0.65  0.60
 1.60  1.80    43 -0.44  1.66 -0.32  0.87
 2.00  2.20     2  0.14  1.46  0.19  1.12
 2.40  2.60     1 -0.46 -0.46  0.11  0.11
Y slices: y_from y_to n zmin zmax xmin xmax
-1.66 -1.46   143  0.02  1.40 -0.35  0.29
-1.46 -1.26   419  0.04  1.45 -1.12  0.32
-1.26 -1.06   611  0.05  1.40 -1.07  0.41
-1.06 -0.86   667  0.06  1.39 -1.02  0.56
-0.86 -0.66   303  0.07  1.40 -0.96  0.57
-0.66 -0.46    50  0.38  1.56 -0.98  0.75
-0.46 -0.26    10  0.36  2.40 -0.51  0.76
-0.26 -0.06    94  0.35  1.63 -0.32  0.73
-0.06  0.14    35  0.00  1.46 -0.30  0.65
 0.14  0.34     2  0.10  2.04  0.19  0.57
 1.34  1.54     1  2.10  2.10  1.12  1.12
 1.54  1.74     6  1.66  1.70  0.86  0.87
PREP_DONE
