meshes in: [('Mesh_0', 3012606)]
tris before 3012606
tris after 7000
bbox min (-0.78, -1.53, 0.0) max (0.78, 1.53, 2.4)
Z slices: z_from z_to n ymin ymax xmin xmax  (y<0 = 'front' side of view)
 0.00  0.20   397 -0.73  1.17 -0.68  0.50
 0.20  0.40   206 -0.56  1.29 -0.78  0.56
 0.40  0.60   285 -0.70  1.36 -0.78  0.55
 0.60  0.80   525 -0.84  1.39 -0.73  0.78
 0.80  1.00   369 -0.81  1.39 -0.71  0.68
 1.00  1.20   420 -1.00  1.35 -0.63  0.58
 1.20  1.40   298 -1.48  1.47 -0.56  0.43
 1.40  1.60   285 -1.53  1.53 -0.60  0.47
 1.60  1.80   247 -1.39  1.53 -0.59  0.47
 1.80  2.00   232 -1.23  1.53 -0.59  0.43
 2.00  2.20   141 -0.86  1.50 -0.59  0.40
 2.20  2.40    92 -0.79  1.35 -0.50  0.35
Y slices: y_from y_to n zmin zmax xmin xmax
-1.53 -1.33   132  1.32  1.63 -0.42  0.32
-1.33 -1.13   147  1.22  1.89 -0.56  0.33
-1.13 -0.93    90  1.18  1.98 -0.60  0.33
-0.93 -0.73   400  0.06  2.32 -0.60  0.33
-0.73 -0.53   556  0.00  2.30 -0.66  0.47
-0.53 -0.33   319  0.00  1.83 -0.68  0.53
-0.33 -0.13   214  0.00  1.37 -0.73  0.55
-0.13  0.07   195  0.00  1.31 -0.74  0.56
 0.07  0.27   235  0.00  1.15 -0.73  0.64
 0.27  0.47   251  0.06  1.96 -0.78  0.69
 0.47  0.67   260  0.00  2.22 -0.78  0.77
 0.67  0.87   236  0.00  2.36 -0.75  0.78
 0.87  1.07   136  0.01  2.40 -0.50  0.47
 1.07  1.27   144  0.11  2.39 -0.45  0.47
 1.27  1.47   141  0.34  2.25 -0.30  0.44
 1.47  1.67    41  1.44  2.04 -0.08  0.39
PREP_DONE
