meshes in: [('Mesh_0', 979952)]
tris before 979952
  pass -> 97994
  pass -> 9798
  pass -> 7000
tris after 7000
bbox min (-1.24, -1.04, 0.0) max (1.24, 1.04, 2.4)
Z slices: z_from z_to n ymin ymax xmin xmax  (y<0 = 'front' side of view)
 0.00  0.20   211 -0.48  0.38 -0.68  0.89
 0.20  0.40   105 -0.46  0.73 -0.66  0.63
 0.40  0.60   117 -0.51  0.88 -0.84  0.66
 0.60  0.80   118 -0.40  0.94 -0.90  0.49
 0.80  1.00   325 -0.68  0.94 -1.07  1.18
 1.00  1.20   518 -0.99  0.96 -1.19  1.24
 1.20  1.40   670 -1.04  1.04 -1.22  1.20
 1.40  1.60   287 -1.02  1.03 -1.24  1.17
 1.60  1.80   362 -0.43  1.03 -1.16  1.21
 1.80  2.00   353 -0.46  0.92 -1.02  0.65
 2.00  2.20   269 -0.52  0.47 -0.52  0.62
 2.20  2.40    70 -0.16  0.33 -0.36  0.37
 2.40  2.60     1  0.22  0.22 -0.22 -0.22
Y slices: y_from y_to n zmin zmax xmin xmax
-1.04 -0.84   146  1.10  1.58 -0.55 -0.21
-0.84 -0.64    53  0.99  1.47 -0.53  0.87
-0.64 -0.44   166  0.06  2.13 -0.54  1.11
-0.44 -0.24   609  0.05  2.14 -0.68  1.24
-0.24 -0.04   623  0.08  2.34 -0.68  1.24
-0.04  0.16   729  0.00  2.36 -0.52  1.21
 0.16  0.36   627  0.01  2.40 -0.82  1.03
 0.36  0.56   269  0.05  2.15 -1.15  0.64
 0.56  0.76    82  0.35  1.93 -1.24 -0.19
 0.76  0.96    85  0.48  1.90 -1.22 -0.30
 0.96  1.16    17  1.12  1.74 -1.16 -0.73
PREP_DONE
