meshes in: [('Mesh_0', 14999)]
tris before 14999
tris after 14999
bbox min (-1.23, -0.61, 0.0) max (1.23, 0.61, 2.4)
Z slices: z_from z_to n ymin ymax xmin xmax  (y<0 = 'front' side of view)
 0.00  0.20   478 -0.61  0.41 -1.02  0.87
 0.20  0.40   469 -0.46  0.52 -0.84  1.08
 0.40  0.60   406 -0.46  0.56 -0.87  1.12
 0.60  0.80   440 -0.41  0.60 -0.85  1.15
 0.80  1.00   941 -0.61  0.61 -1.03  1.14
 1.00  1.20   925 -0.61  0.59 -1.06  1.14
 1.20  1.40   803 -0.60  0.58 -1.20  1.22
 1.40  1.60   663 -0.61  0.60 -1.23  1.23
 1.60  1.80   774 -0.52  0.59 -0.98  1.23
 1.80  2.00   689 -0.49  0.55 -0.79  1.16
 2.00  2.20   652 -0.46  0.41 -0.75  1.04
 2.20  2.40   151 -0.15  0.26 -0.64  0.12
 2.40  2.60     1  0.13  0.13 -0.53 -0.53
Y slices: y_from y_to n zmin zmax xmin xmax
-0.61 -0.41   541  0.00  2.03 -0.62  0.54
-0.41 -0.21  1694  0.00  2.10 -1.23  0.54
-0.21 -0.01  1826  0.00  2.32 -1.06  1.08
-0.01  0.19  1472  0.00  2.40 -1.03  1.22
 0.19  0.39  1181  0.00  2.33 -0.91  1.23
 0.39  0.59   647  0.19  2.01 -0.58  1.17
 0.59  0.79    31  0.69  1.62  0.44  0.80
PREP_DONE
