verts 6930 tris 14000 bbox min (-0.95, -0.919, -0.45) max (0.95, 0.919, 0.45) width 1.900 height 0.899
histogram [3, 14, 35, 63, 80, 72, 56, 70, 104, 109, 107, 133, 128, 65, 15, 3, 4, 5, 3, 3, 4, 16, 67, 130, 132, 103, 101, 91, 58, 51, 71, 78, 60, 36, 17, 5, 0, 0, 28, 91, 130, 115, 75, 41, 19, 16, 62, 136, 152, 104, 58, 29, 10, 1, 1, 10, 29, 53, 92, 136, 126, 62, 16, 18, 42, 80, 129, 151, 108, 33, 0, 0]
peaks (deg) [22.5, 57.5, 122.5, 157.5, 202.5, 242.5, 297.5, 337.5] n=8
refined peaks (deg) [-154.5, -117.3, -62.7, -25.3, 24.8, 54.9, 124.7, 155.8]
arm 0: angle -154.5 n=714 rmax 0.996 joints [(-0.253, -0.121, -0.354), (-0.468, -0.223, -0.399), (-0.683, -0.326, -0.239), (-0.899, -0.429, -0.074)]
arm 1: angle -117.3 n=834 rmax 1.025 joints [(-0.129, -0.249, -0.34), (-0.243, -0.469, -0.39), (-0.357, -0.69, -0.342), (-0.471, -0.91, -0.189)]
arm 2: angle -62.7 n=796 rmax 1.026 joints [(0.128, -0.249, -0.336), (0.242, -0.47, -0.39), (0.356, -0.691, -0.339), (0.47, -0.912, -0.182)]
arm 3: angle -25.3 n=796 rmax 1.005 joints [(0.253, -0.12, -0.353), (0.472, -0.223, -0.394), (0.69, -0.327, -0.242), (0.909, -0.43, -0.078)]
arm 4: angle 24.8 n=656 rmax 0.744 joints [(0.254, 0.117, -0.353), (0.395, 0.182, -0.319), (0.535, 0.247, -0.252), (0.676, 0.312, -0.185)]
arm 5: angle 54.9 n=905 rmax 1.015 joints [(0.161, 0.229, -0.373), (0.302, 0.43, -0.268), (0.442, 0.63, -0.169), (0.583, 0.831, -0.172)]
arm 6: angle 124.7 n=882 rmax 1.017 joints [(-0.159, 0.23, -0.371), (-0.299, 0.432, -0.283), (-0.438, 0.634, -0.17), (-0.578, 0.836, -0.178)]
arm 7: angle 155.8 n=657 rmax 0.747 joints [(-0.255, 0.115, -0.353), (-0.398, 0.178, -0.312), (-0.54, 0.242, -0.251), (-0.682, 0.306, -0.188)]
head top (-0.012, 0.263, 0.45); front-most (-0.516, -0.919, -0.185); bottom z -0.450
dominant counts {'Root': 901, 'Head': 73, 'Arm0a': 195, 'Arm0b': 235, 'Arm0c': 247, 'Arm1a': 254, 'Arm1b': 249, 'Arm1c': 289, 'Arm2a': 261, 'Arm2b': 242, 'Arm2c': 257, 'Arm3a': 210, 'Arm3b': 282, 'Arm3c': 259, 'Arm4a': 155, 'Arm4b': 243, 'Arm4c': 230, 'Arm5a': 190, 'Arm5b': 346, 'Arm5c': 333, 'Arm6a': 195, 'Arm6b': 333, 'Arm6c': 320, 'Arm7a': 165, 'Arm7b': 236, 'Arm7c': 230}
front arms [2, 1]
RIG_DONE
