CH -196:100:165:0.0 -200:103:166:1.2 -204:150:168:-8.2 -208:152:170:-8.1 -212:154:172:-8.3 -216:156:176:-7.7 -220:161:180:-7.9 -224:164:182:-7.8 -228:164:184:-8.1 -232:167:187:-8.1 -236:169:190:-8.2 -240:172:193:-8.1 -244:174:196:-8.2 -248:176:198:-8.1 -252:178:201:-8.1 -256:180:203:-8.2
CH -260:181:204:-8.0 -264:181:205:-8.1 -268:181:205:-8.0 -272:180:205:-8.1 -276:178:204:-8.2 -280:174:203:-8.2 -284:171:202:-8.2 -288:168:199:-8.2 -292:163:195:-8.1 -296:161:191:-8.2 -300:161:187:-8.4 -304:157:183:-8.6 -308:149:179:-8.7 -312:144:174:-8.7 -316:140:170:-8.7 -320:136:165:-8.7
CH -324:132:160:-8.6 -328:128:156:-8.6 -332:125:152:-8.5 -336:121:149:-8.4 -340:118:146:-8.4 -344:115:143:-8.4 -348:112:139:-8.5 -352:108:135:-8.5 -356:106:132:-8.5 -360:104:128:-8.5 -364:102:126:-8.4 -368:101:125:-8.4 -372:99:123:-8.4 -376:99:121:-8.3 -380:98:121:-8.2 -384:98:122:-8.2
CH -388:99:122:-8.1 -392:101:123:-8.4 -396:101:125:-8.1 -400:103:125:-8.0 -404:106:127:-8.1 -408:109:130:-8.4 -412:111:132:-7.8 -416:116:134:-7.9 -420:120:138:-7.9 -424:123:142:-8.0 -428:127:146:-7.9 -432:131:150:-8.0 -436:135:154:-8.0 -440:139:158:-8.0 -444:143:163:-7.9 -448:147:167:-8.0
CH -452:151:171:-5.9 -456:155:176:-1.7 -460:160:180:-4.9 -464:164:184:-7.5 -468:168:188:-7.8 -472:170:192:-8.2 -476:173:195:-8.3 -480:175:198:-8.0 -484:178:202:-8.1 -488:180:205:-8.2 -492:183:208:-8.3 -496:187:210:-8.0 -500:188:210:-8.3 -504:188:212:-8.3 -508:189:213:-8.1 -512:189:213:-8.3
CH -516:187:213:-8.4 -520:184:212:-8.3 -524:182:211:-8.1 -528:180:210:-8.1 -532:178:207:-8.0 -536:176:205:-8.1 -540:174:203:-8.1 -544:173:200:-8.4 -548:170:197:-8.4 -552:167:194:-8.5 -556:164:191:-8.5 -560:160:188:-8.6 -564:156:184:-8.6 -568:151:180:-8.7 -572:147:176:-8.8 -576:144:172:-8.7
CH -580:143:166:-8.4 -584:133:162:-8.2 -588:128:157:-8.1 -592:124:153:-8.6 -596:120:148:-8.6 -600:117:144:-8.5 -604:111:141:-8.4 -608:109:139:-8.2 -612:106:136:-8.3 -616:103:133:-8.2 -620:102:131:-8.3 -624:101:128:-8.3 -628:100:124:-8.4 -632:100:122:-8.4 -636:100:121:-8.2 -640:100:122:-8.2
H -200 0,0,0,0,3,12,8,0,0,0,0,3,0,2,0,3,0,6,0,0,0,2,0,-1,0,29,36,29,35,29,32,35,34,34,29,34,32,220,0,3,3,3,3,2,2,3,4,5,5,7,9,11,13,15,15,15,14,12,10,8,9,0,0,0,0,0,0,0,0,0,0,0,0,0,0,0,0,0
H -216 0,0,0,0,0,8,7,13,8,7,7,6,3,10,5,10,5,4,0,5,6,11,4,9,0,-1,-1,6,4,9,7,10,10,6,7,5,5,220,0,3,3,3,3,3,3,4,4,5,5,6,8,10,11,13,14,15,14,13,10,8,9,0,0,0,0,0,0,0,0,0,0,0,0,0,0,0,0,0
H -232 0,0,0,0,0,9,8,10,9,9,12,8,10,7,7,12,8,9,9,7,10,9,9,0,0,9,-1,9,7,11,9,12,13,9,10,11,11,220,5,5,3,7,3,8,8,4,8,9,5,6,11,8,9,15,16,14,14,13,11,8,9,0,0,0,0,0,0,0,0,0,0,0,0,0,0,0,0,0
H -248 0,0,0,0,0,0,2,8,6,7,13,9,10,8,7,12,7,7,9,6,7,7,7,0,0,0,-1,-1,0,0,0,0,1,0,0,6,6,220,0,3,3,3,3,3,3,4,64,16,50,43,6,7,8,9,10,12,13,12,11,8,9,0,0,0,0,0,0,0,0,0,0,0,0,0,0,0,0,0
H -264 0,0,0,0,0,0,0,0,0,0,0,0,0,0,0,0,0,0,0,0,0,0,0,0,0,0,0,-1,0,0,0,0,0,0,0,0,0,0,0,14,13,13,13,30,58,74,81,79,61,59,43,20,16,16,17,17,18,18,17,17,13,0,0,0,0,0,0,0,0,0,0,0,0,0,0,0,0,0
H -280 0,0,0,0,0,0,0,0,0,0,0,0,0,0,0,0,0,0,0,0,0,0,0,0,0,0,-1,-1,0,0,0,0,0,0,0,0,0,0,0,3,2,2,2,2,2,2,2,2,2,2,2,2,2,2,2,2,2,2,2,5,9,0,0,0,0,0,0,0,0,0,0,0,0,0,0,0,0,0
H -296 0,0,0,0,0,0,0,0,0,0,0,0,0,0,0,0,0,0,0,0,0,0,0,0,0,-1,-1,-1,0,0,0,0,0,0,0,0,0,0,0,0,0,0,0,0,0,0,0,0,0,0,0,0,0,0,0,0,0,0,0,0,0,0,0,0,0,0,0,0,0,0,0,0,0,0,0,0,0,0
H -312 0,0,0,0,0,0,0,0,0,0,0,0,0,0,0,0,0,0,0,0,0,0,0,0,-1,-1,-1,0,0,0,0,0,0,0,0,0,0,0,0,0,0,0,0,0,0,0,0,0,0,0,0,0,0,0,0,0,0,0,0,0,0,0,0,0,0,0,0,0,0,0,0,0,0,0,0,0,0,0
H -328 0,0,0,0,0,0,0,0,0,0,0,0,0,0,0,0,0,0,0,0,0,0,0,-1,-1,0,0,0,0,0,0,0,0,0,0,0,0,0,0,0,0,0,0,0,0,0,0,0,0,0,0,0,0,0,0,0,0,0,0,0,0,0,0,0,0,0,0,0,0,0,0,0,0,0,0,0,0,0
H -344 0,0,0,0,0,0,0,0,0,0,0,0,0,0,0,0,0,0,0,0,0,0,0,-1,-1,0,0,0,0,0,0,0,0,0,0,0,0,0,0,0,0,0,0,0,0,0,0,0,0,0,0,0,0,0,0,0,0,0,0,0,0,0,0,0,0,0,0,0,0,0,0,0,0,0,0,0,0,0
H -360 0,0,0,0,0,0,0,0,0,0,0,0,0,0,0,0,0,0,0,0,0,0,-1,-1,0,0,0,0,0,0,0,0,0,0,0,0,0,0,0,0,0,0,0,0,0,0,0,0,0,0,0,0,0,0,0,0,0,0,0,0,0,0,0,0,0,0,0,0,0,0,0,0,0,0,0,0,0,0
H -376 0,0,0,0,0,0,0,0,0,0,0,0,0,0,0,0,0,0,0,0,0,0,-1,0,0,0,21,0,0,0,0,0,0,0,0,0,0,0,0,0,0,0,0,0,0,0,0,0,0,0,0,0,0,0,0,0,0,0,0,0,0,0,0,0,0,0,0,0,0,0,0,0,0,0,0,0,0,0
H -392 0,0,0,0,0,0,0,0,0,0,0,0,0,0,0,0,0,0,0,0,0,0,-1,0,0,0,0,0,0,0,0,0,0,0,0,0,0,0,0,0,0,0,0,0,0,0,0,0,0,0,0,0,0,0,0,0,0,0,0,0,0,0,0,0,0,0,0,0,0,0,0,0,0,0,0,0,0,0
H -408 0,0,0,0,0,0,0,0,0,0,0,0,0,0,0,0,0,0,0,0,0,0,-1,-1,0,0,0,0,0,0,0,0,0,0,0,0,0,0,0,0,0,0,0,0,0,0,0,0,0,0,0,0,0,0,0,0,0,0,0,0,0,0,0,0,0,0,0,0,0,0,0,0,0,0,0,0,0,0
H -424 0,0,0,0,0,0,0,0,0,0,0,0,0,0,0,0,0,0,0,0,0,0,0,-1,0,0,0,0,0,0,0,0,0,0,0,0,0,0,0,0,0,0,0,0,0,0,0,0,0,0,0,0,0,0,0,0,0,0,0,0,0,0,0,0,0,0,0,0,0,0,0,0,0,0,0,0,0,0
H -440 0,0,0,0,0,0,0,0,0,0,0,0,0,0,0,0,0,0,0,0,0,0,0,0,-1,0,0,0,0,0,0,0,0,0,0,0,0,0,0,0,0,0,0,0,0,0,0,0,0,0,0,0,0,0,0,0,0,0,0,0,0,0,0,0,0,0,0,0,0,0,0,0,0,0,0,0,0,0
H -456 0,0,0,0,0,0,0,0,0,0,0,0,0,0,0,0,0,0,0,0,0,0,0,0,0,-1,-1,0,0,0,0,0,0,0,0,0,0,0,0,0,0,0,0,0,0,0,0,0,0,0,0,0,0,0,0,0,0,0,0,0,0,0,0,0,0,0,0,0,0,0,0,0,0,0,0,0,0,0
H -472 0,0,0,0,0,0,0,0,0,0,0,0,0,0,0,0,0,0,0,0,0,0,0,0,0,0,-1,-1,0,0,0,0,0,0,0,0,0,0,0,0,0,0,0,0,0,0,0,0,0,0,0,0,0,0,0,0,0,0,0,0,0,0,0,0,0,0,0,0,0,0,0,0,0,0,0,0,0,0
H -488 0,0,0,0,0,0,0,0,0,0,0,0,0,0,0,0,0,0,0,0,0,0,0,0,0,0,0,-1,0,0,0,0,0,0,0,0,0,0,0,0,0,0,0,0,0,0,0,0,0,0,0,0,0,0,0,0,0,0,0,0,0,0,0,0,0,0,0,0,0,0,0,0,0,0,0,0,0,0
H -504 0,0,0,0,0,0,0,0,0,0,0,0,0,0,0,0,0,0,0,0,0,0,0,1,0,0,0,-1,-1,0,0,0,0,0,0,0,0,0,0,0,0,0,0,0,0,0,0,0,0,0,0,0,0,0,0,0,0,0,0,0,0,0,0,0,0,0,0,0,0,0,0,0,0,0,0,0,0,0
H -520 0,0,0,0,0,0,0,0,0,0,0,0,0,0,0,0,0,0,0,0,0,0,0,0,0,0,0,-1,-1,0,0,0,0,0,0,0,0,0,0,0,0,0,0,0,0,0,0,0,0,0,0,0,0,0,0,0,0,0,0,0,0,0,0,0,0,0,0,0,0,0,0,0,0,0,0,0,0,0
H -536 0,0,0,0,0,0,0,0,0,0,0,0,0,0,0,0,0,0,0,0,0,0,0,0,0,0,-1,-1,0,0,0,0,0,0,0,0,0,0,0,0,0,0,0,0,0,0,0,0,0,0,0,0,0,0,0,0,0,0,0,0,0,0,0,0,0,0,0,0,0,0,0,0,0,0,0,0,0,0
H -552 0,0,0,0,0,0,0,0,0,0,0,0,0,0,0,0,0,0,0,0,0,0,23,0,0,20,-1,-1,0,0,0,0,0,0,0,0,0,0,0,0,0,0,0,0,0,0,0,0,0,0,0,0,0,0,0,0,0,0,0,0,0,0,0,0,0,0,0,0,0,0,0,0,0,0,0,0,0,0
H -568 0,0,0,0,0,0,0,0,0,0,0,0,0,0,0,0,0,0,0,0,0,0,0,0,0,-1,-1,0,0,0,0,0,0,0,0,0,0,0,0,0,0,0,0,0,0,0,0,0,0,0,0,0,0,0,0,0,0,0,0,0,0,0,0,0,0,0,0,0,0,0,0,0,0,0,0,0,0,0
H -584 0,0,0,0,0,0,0,0,0,0,0,0,0,0,0,0,0,0,0,0,0,0,0,0,-1,-1,0,0,0,0,0,0,0,0,0,0,0,0,0,0,0,0,0,0,0,0,0,0,0,0,0,0,0,0,0,0,0,0,0,0,0,0,0,0,0,0,0,0,0,0,0,0,0,0,0,0,0,0
H -600 0,0,0,0,0,0,0,0,0,0,0,0,0,0,0,0,0,0,0,0,0,0,0,-1,-1,0,0,0,0,0,0,0,0,0,0,0,0,0,0,0,0,0,0,0,0,0,0,0,0,0,0,0,0,0,0,0,0,0,0,0,0,0,0,0,0,0,0,0,0,0,0,0,0,0,0,0,0,0
H -616 0,0,0,0,0,0,0,0,0,0,0,0,0,0,0,0,0,0,0,0,0,0,-1,-1,0,0,0,0,0,0,0,0,0,0,0,0,0,0,0,0,0,0,0,0,0,0,0,0,0,0,0,0,0,0,0,0,0,0,0,0,0,0,0,0,0,0,0,0,0,0,0,0,0,0,0,0,0,0
H -632 0,0,0,0,0,0,0,0,0,0,0,0,0,0,0,0,0,0,0,0,0,0,-1,0,0,0,0,0,0,0,0,0,0,0,0,0,0,0,0,0,0,0,0,0,0,0,0,0,0,0,0,0,0,0,0,0,0,0,0,0,0,0,0,0,0,0,0,0,0,0,0,0,0,0,0,0,0,0
H -648 0,0,0,0,0,0,0,0,0,0,0,0,0,0,0,0,0,0,0,0,0,0,-1,0,0,0,21,0,0,0,0,0,0,0,0,0,0,0,0,0,0,0,0,0,0,0,0,0,0,0,0,0,0,0,0,0,0,0,0,0,0,0,0,0,0,0,0,0,0,0,0,0,0,0,0,0,0,0
H -664 0,0,0,0,0,0,0,0,0,0,0,0,0,0,0,0,0,0,0,0,0,0,-1,-1,0,0,0,0,0,0,0,0,0,0,0,0,0,0,0,0,0,0,0,0,0,0,0,0,0,0,0,0,0,0,0,0,0,0,0,0,0,0,0,0,0,0,0,0,0,0,0,0,0,0,0,0,0,0
H -680 0,0,0,0,0,0,0,0,0,0,0,0,0,0,0,0,0,0,0,0,0,0,0,-1,0,0,0,0,0,0,0,0,0,0,0,0,0,0,0,0,0,0,0,0,0,0,0,0,0,0,0,0,0,0,0,0,0,0,0,0,0,0,0,0,0,0,0,0,0,0,0,0,0,0,0,0,0,0
H -696 0,0,0,0,0,0,0,0,0,0,0,0,0,0,0,0,0,0,0,0,0,0,0,0,-1,0,0,0,0,0,0,0,0,0,0,0,0,0,0,0,0,0,0,0,0,0,0,0,0,0,0,0,0,0,0,0,0,0,0,0,0,0,0,0,0,0,0,0,0,0,0,0,0,0,0,0,0,0
H -712 0,0,0,0,0,0,0,0,0,0,0,0,0,0,0,0,0,0,0,0,0,0,0,0,0,-1,-1,0,0,0,0,0,0,0,0,0,0,0,0,0,0,0,0,0,0,0,0,0,0,0,0,0,0,0,0,0,0,0,0,0,0,0,0,0,0,0,0,0,0,0,0,0,0,0,0,0,0,0
H -728 0,0,0,0,0,0,0,0,0,0,0,0,0,0,0,0,0,0,0,0,0,0,0,0,0,0,-1,0,0,0,0,0,0,0,0,0,0,0,0,0,0,0,0,0,0,0,0,0,0,0,0,0,0,0,0,0,0,0,0,0,0,0,0,0,0,0,0,0,0,0,0,0,0,0,0,0,0,0
H -744 0,0,0,0,0,0,0,0,0,0,0,0,0,0,0,0,0,0,0,0,0,0,0,0,0,0,0,-1,0,0,0,0,0,0,0,0,0,0,0,0,0,0,0,0,0,0,0,0,0,0,0,0,0,0,0,0,0,0,0,0,0,0,0,0,0,0,0,0,0,0,0,0,0,0,0,0,0,0
H -760 0,0,0,0,0,0,0,0,0,0,0,0,0,0,0,0,0,0,0,0,0,0,0,24,0,0,0,-1,-1,0,0,0,0,0,0,0,0,0,0,0,0,0,0,0,0,0,0,0,0,0,0,0,0,0,0,0,0,0,0,0,0,0,0,0,0,0,0,0,0,0,0,0,0,0,0,0,0,0
H -776 0,0,0,0,0,0,0,0,0,0,0,0,0,0,0,0,0,0,0,0,0,0,0,0,0,0,0,-1,-1,0,0,0,0,0,0,0,0,0,0,0,0,0,0,0,0,0,0,0,0,0,0,0,0,0,0,0,0,0,0,0,0,0,0,0,0,0,0,0,0,0,0,0,0,0,0,0,0,0
H -792 0,0,0,0,0,0,0,0,0,0,0,0,0,0,0,0,0,0,0,0,0,1,0,0,0,0,-1,-1,-1,0,0,0,0,0,0,0,0,0,0,0,0,0,0,0,0,0,0,0,0,0,0,0,0,0,0,0,0,0,0,0,0,0,0,0,0,0,0,0,0,0,0,0,0,0,0,0,0,0
H -808 0,0,0,0,0,0,0,0,0,0,0,0,0,0,0,0,0,0,0,0,0,0,0,0,0,0,-1,-1,0,0,0,0,0,0,0,0,0,0,0,0,0,0,0,0,0,0,0,0,0,0,0,0,0,0,0,0,0,0,0,0,0,0,0,0,0,0,0,0,0,0,0,0,0,0,0,0,0,0
H -824 0,0,0,0,0,0,0,0,0,0,0,0,0,0,0,0,0,0,0,0,0,0,0,0,0,-1,-1,1,0,0,0,0,0,0,0,0,0,0,0,0,0,0,0,0,0,0,0,0,0,0,0,0,0,0,0,0,0,0,0,0,0,0,0,0,0,0,0,0,0,0,0,0,0,0,0,0,0,0
H -840 0,0,0,0,0,0,0,0,0,0,0,0,0,0,0,0,0,0,0,0,0,0,0,0,-1,-1,1,0,0,0,0,0,0,0,0,0,0,0,0,0,0,0,0,0,0,0,0,0,0,0,0,0,0,0,0,0,0,0,0,0,0,0,0,0,0,0,0,0,0,0,0,0,0,0,0,0,0,0
H -856 0,0,0,0,0,0,0,0,0,0,0,0,0,0,0,0,0,0,0,0,0,0,0,-1,-1,0,0,0,0,0,0,0,0,0,0,0,0,0,0,0,0,0,0,0,0,0,0,0,0,0,0,0,0,0,0,0,0,0,0,0,0,0,0,0,0,0,0,0,0,0,0,0,0,0,0,0,0,0
H -872 0,0,0,0,0,0,0,0,0,0,0,0,0,0,0,0,0,0,0,0,0,1,-1,-1,0,0,0,0,0,0,0,0,0,0,0,0,0,0,0,0,0,0,0,0,0,0,0,0,0,0,0,0,0,0,0,0,0,0,0,0,0,0,0,0,0,0,0,0,0,0,0,0,0,0,0,0,0,0
H -888 0,0,0,0,0,0,0,0,0,0,0,0,0,0,0,0,0,0,0,0,0,0,-1,-1,0,0,0,0,0,0,0,0,0,0,0,0,0,0,0,0,0,0,0,0,0,0,0,0,0,0,0,0,0,0,0,0,0,0,0,0,0,0,0,0,0,0,0,0,0,0,0,0,0,0,0,0,0,0
H -904 0,0,0,0,0,0,0,0,0,0,0,0,0,0,0,0,0,0,0,0,0,0,-1,0,0,0,0,0,0,0,0,0,0,0,0,0,0,0,0,0,0,0,0,0,0,0,0,0,0,0,0,0,0,0,0,0,0,0,0,0,0,0,0,0,0,0,0,0,0,0,0,0,0,0,0,0,0,0
H -920 0,0,0,0,0,0,0,0,0,0,0,0,0,0,0,0,0,0,0,0,0,0,-3,-1,0,0,0,0,0,0,0,0,0,0,0,0,0,0,0,0,0,0,0,0,0,0,0,0,0,0,0,0,0,0,0,0,0,0,0,0,0,0,0,0,0,0,0,0,0,0,0,0,0,0,0,0,0,0
H -936 0,0,0,0,0,0,0,0,0,0,0,0,0,-9,-4,0,0,0,0,0,0,0,0,0,0,0,0,0,0,0,0,0,0,0,0,0,0,0,0,0,0,0,0,0,0,0,0,0,0,0,0,0,0,0,0,0,0,0,0,0,0,0,0,0,0,0,0,0,0,0,0,0,0,0,0,0,0,0
H -952 0,0,-6,-1,0,0,0,0,0,0,0,0,0,0,0,0,0,0,0,0,0,0,0,0,0,0,0,0,0,0,0,0,0,0,0,0,0,0,0,0,0,0,0,0,0,0,0,0,0,0,0,0,0,0,0,0,0,0,0,0,0,0,0,0,0,0,0,0,0,0,0,0,0,0,0,0,0,0
H -968 0,0,0,0,0,0,0,0,0,0,0,0,0,0,0,0,0,0,0,0,0,0,0,0,0,0,0,0,0,0,0,0,0,0,0,0,0,0,0,0,0,0,0,0,0,0,0,0,0,0,0,0,0,0,0,0,0,0,0,0,0,0,0,0,0,0,0,0,0,0,0,0,0,0,0,0,0,0
H -984 0,0,0,0,0,0,0,0,0,0,0,0,0,0,0,0,0,0,0,0,0,0,0,0,0,0,0,0,0,0,0,0,0,0,0,0,0,0,0,0,0,0,0,0,0,0,0,0,0,0,0,0,0,0,0,0,0,0,0,0,0,0,0,0,0,0,0,0,0,0,0,0,0,0,0,0,0,0
H -1000 0,0,0,0,0,0,0,0,0,0,0,0,0,0,0,0,0,0,0,0,0,0,0,0,0,0,0,0,0,0,0,0,0,0,0,0,0,0,0,0,0,0,0,0,0,0,0,0,0,0,0,0,0,0,0,0,0,0,0,0,0,0,0,0,0,0,0,0,0,0,0,0,0,0,0,0,0,0
H -1016 0,0,0,0,0,0,0,0,0,0,0,0,0,0,0,0,0,0,0,0,0,0,0,0,0,0,0,0,0,0,0,0,0,0,0,0,0,0,0,0,0,0,0,0,0,0,0,0,0,0,0,0,0,0,0,0,0,0,0,0,0,0,0,0,0,0,0,0,0,0,0,0,0,0,0,0,0,0
PROP riverside [Model] c 95,1,-792 size 3,2,3 transp 0
PROP riverside [Model] c 184,0,-403 size 4,1,3 transp 0
PROP riverside [Model] c 110,1,-470 size 4,2,3 transp 0
PROP riverside [Model] c 207,1,-603 size 3,2,3 transp 0
PROP plane_tree [Model] c 160,10,-555 size 19,21,17 transp 0
PROP riverside [Model] c 129,1,-501 size 6,2,5 transp 0
PROP riverside [Model] c 164,1,-705 size 4,2,3 transp 0
PROP riverside [Model] c 138,1,-456 size 4,2,3 transp 0
PROP riverside [Model] c 142,0,-729 size 4,1,3 transp 0
PROP riverside [Model] c 142,1,-578 size 6,1,5 transp 0
PROP riverside [Model] c 191,1,-418 size 6,1,5 transp 0
PROP plane_tree [Model] c 130,12,-762 size 22,25,21 transp 0
PROP riverside [Model] c 145,1,-247 size 6,1,5 transp 0
PROP riverside [Model] c 213,1,-663 size 5,1,4 transp 0
PROP riverside [Model] c 116,1,-297 size 3,2,3 transp 0
PROP riverside [Model] c 154,1,-820 size 7,2,5 transp 0
PROP riverside [Model] c 116,1,-810 size 4,2,4 transp 0
PROP riverside [Model] c 98,1,-496 size 3,2,3 transp 0
PROP riverside [Model] c 215,0,-372 size 5,1,4 transp 0
PROP riverside [Model] c 160,1,-222 size 3,2,3 transp 0
PROP riverside [Model] c 163,1,-685 size 4,2,3 transp 0
PROP riverside [Model] c 181,1,-637 size 4,3,4 transp 0
PROP plane_tree [Model] c 108,12,-549 size 21,24,20 transp 0
PROP riverside [Model] c 182,1,-323 size 4,2,3 transp 0
PROP riverside [Model] c 164,1,-428 size 4,2,3 transp 0
PROP riverside [Model] c 190,1,-685 size 4,2,3 transp 0
PROP riverside [Model] c 166,1,-456 size 3,2,3 transp 0
PROP riverside [Model] c 141,1,-479 size 3,2,3 transp 0
PROP riverside [Model] c 184,1,-588 size 4,2,4 transp 0
PROP riverside [Model] c 157,1,-300 size 4,2,3 transp 0
PROP riverside [Model] c 133,0,-218 size 4,1,3 transp 0
PROP plane_tree [Model] c 177,11,-372 size 19,21,18 transp 0
PROP riverside [Model] c 167,1,-342 size 3,2,3 transp 0
PROP river [Model] c 156,-0,-120 size 121,1,1600 transp 1
PROP riverside [Model] c 97,1,-524 size 4,2,3 transp 0
PROP plane_tree [Model] c 180,11,-651 size 19,21,18 transp 0
WALL Walls -130,26 -> -130,-216 top 220
WALL Walls 133,-215 -> -131,-215 top 220
WALL Walls 353,-205 -> 137,-205 top 220
WALL Walls 352,-123 -> 352,-251 top 220
WALL Walls 700,-251 -> 700,31 top 220
WALL Walls 136,-209 -> 133,-216 top 220
WALL Walls 140,-199 -> 138,-206 top 220
WALL Walls 141,-194 -> 140,-201 top 220
WALL Walls 566,-250 -> 701,-250 top 220
WALL Walls 138,-204 -> 135,-211 top 220
WALL Walls 351,-250 -> 468,-250 top 220
CLIMBWALL Rock 508,-262 -> 510,-262 top 71
CLIMBWALL Rock 506,-262 -> 508,-262 top 71
CLIMBWALL Rock 530,-262 -> 532,-262 top 58
CLIMBWALL Rock 510,-262 -> 512,-262 top 71
CLIMBWALL Rock 550,-262 -> 552,-262 top 58
CLIMBWALL Rock 534,-262 -> 536,-262 top 58
CLIMBWALL Rock 502,-262 -> 504,-262 top 71
CLIMBWALL Rock 542,-262 -> 544,-262 top 57
CLIMBWALL Rock 504,-262 -> 506,-262 top 71
CLIMBWALL Rock 526,-262 -> 528,-262 top 60
CLIMBWALL Rock 500,-262 -> 502,-262 top 71
CLIMBWALL Rock 528,-262 -> 530,-262 top 60
CLIMBWALL Rock 476,-262 -> 478,-262 top 73
CLIMBWALL Rock 492,-262 -> 494,-262 top 71
CLIMBWALL Rock 522,-262 -> 524,-262 top 74
CLIMBWALL Rock 466,-264 -> 468,-264 top 58
CLIMBWALL Rock 480,-262 -> 482,-262 top 73
CLIMBWALL Rock 538,-262 -> 540,-262 top 58
CLIMBWALL Rock 498,-262 -> 500,-262 top 71
CLIMBWALL Rock 520,-262 -> 522,-262 top 73
CLIMBWALL Rock 544,-262 -> 546,-262 top 57
CLIMBWALL Rock 496,-262 -> 498,-262 top 71
CLIMBWALL Rock 472,-263 -> 474,-263 top 73
CLIMBWALL Rock 482,-262 -> 484,-262 top 71
CLIMBWALL Rock 516,-262 -> 518,-262 top 72
CLIMBWALL Rock 474,-262 -> 476,-262 top 73
CLIMBWALL Rock 484,-261 -> 486,-261 top 71
CLIMBWALL Rock 512,-262 -> 514,-262 top 71
CLIMBWALL Rock 514,-262 -> 516,-262 top 71
CLIMBWALL Rock 486,-261 -> 488,-261 top 71
CLIMBWALL Rock 518,-262 -> 520,-262 top 72
CLIMBWALL Rock 494,-262 -> 496,-262 top 71
CLIMBWALL Rock 524,-262 -> 526,-262 top 66
CLIMBWALL Rock 552,-262 -> 554,-262 top 58
CLIMBWALL Rock 488,-261 -> 490,-261 top 71
CLIMBWALL Rock 470,-263 -> 472,-263 top 73
CLIMBWALL Rock 490,-262 -> 492,-262 top 71
CLIMBWALL Rock 546,-262 -> 548,-262 top 57
CLIMBWALL Rock 532,-262 -> 534,-262 top 58
CLIMBWALL Rock 540,-262 -> 542,-262 top 57
CLIMBWALL Rock 548,-262 -> 550,-262 top 58
CLIMBWALL Rock 536,-262 -> 538,-262 top 58
CLIMBWALL Rock 468,-263 -> 470,-263 top 66
CLIMBWALL Rock 478,-262 -> 480,-262 top 73
CLIMBWALL Wall 468,-273 -> 566,-273 top 220
CLIMBWALL Wall 566,-261 -> 566,-261 top 220
CLIMBWALL Wall 468,-261 -> 468,-261 top 220
DONE
