meshes in: [('Mesh_0', 421228)]
tris before 421228
tris after 7000
bbox min (-0.82, -1.1, 0.0) max (0.82, 1.1, 2.4)
Z slices: z_from z_to n ymin ymax xmin xmax  (y<0 = 'front' side of view)
 0.00  0.20   165 -0.87  0.85 -0.46  0.73
 0.20  0.40   298 -0.91  0.99 -0.61  0.82
 0.40  0.60   237 -0.71  1.08 -0.65  0.82
 0.60  0.80   367 -0.98  1.10 -0.70  0.73
 0.80  1.00   515 -1.07  1.05 -0.70  0.77
 1.00  1.20   461 -1.05  1.00 -0.66  0.71
 1.20  1.40   323 -1.00  0.94 -0.67  0.70
 1.40  1.60   288 -1.10  1.02 -0.79  0.71
 1.60  1.80   244 -1.00  1.04 -0.82  0.70
 1.80  2.00   277 -0.88  1.03 -0.82  0.65
 2.00  2.20   224 -0.86  0.93 -0.79  0.65
 2.20  2.40    88 -0.52  0.81 -0.68  0.49
 2.40  2.60     1  0.50  0.50 -0.33 -0.33
Y slices: y_from y_to n zmin zmax xmin xmax
-1.10 -0.90   500  0.22  1.78 -0.31  0.70
-0.90 -0.70   568  0.14  2.16 -0.36  0.78
-0.70 -0.50   782  0.00  2.25 -0.43  0.79
-0.50 -0.30   509  0.03  2.35 -0.46  0.82
-0.30 -0.10   228  0.04  2.10 -0.45  0.81
-0.10  0.10   177  0.03  2.01 -0.49  0.72
 0.10  0.30   195  0.08  2.29 -0.65  0.68
 0.30  0.50   161  0.06  2.39 -0.80  0.49
 0.50  0.70   110  0.06  2.40 -0.82  0.22
 0.70  0.90   153  0.11  2.28 -0.82  0.16
 0.90  1.10   105  0.24  2.12 -0.73 -0.01
PREP_DONE
