meshes in: [('Mesh_0', 14999)]
tris before 14999
tris after 14999
bbox min (-0.88, -0.85, 0.0) max (0.88, 0.85, 2.4)
Z slices: z_from z_to n ymin ymax xmin xmax  (y<0 = 'front' side of view)
 0.00  0.20    52 -0.02  0.26 -0.34 -0.10
 0.20  0.40   207 -0.58  0.65 -0.59  0.40
 0.40  0.60   323 -0.73  0.71 -0.71  0.50
 0.60  0.80   398 -0.50  0.82 -0.87  0.40
 0.80  1.00   458 -0.85  0.85 -0.88  0.39
 1.00  1.20   332 -0.61  0.84 -0.86  0.32
 1.20  1.40   421 -0.70  0.66 -0.70  0.34
 1.40  1.60   846 -0.63  0.50 -0.66  0.88
 1.60  1.80  1136 -0.44  0.49 -0.64  0.88
 1.80  2.00  1052 -0.42  0.42 -0.68  0.79
 2.00  2.20   588 -0.35  0.44 -0.68  0.53
 2.20  2.40   348 -0.23  0.08 -0.12  0.39
 2.40  2.60     1 -0.07 -0.07  0.06  0.06
Y slices: y_from y_to n zmin zmax xmin xmax
-0.85 -0.65    54  0.43  1.35  0.08  0.47
-0.65 -0.45   218  0.28  1.60 -0.24  0.50
-0.45 -0.25  1461  0.25  2.16 -0.56  0.87
-0.25 -0.05  2366  0.27  2.40 -0.66  0.88
-0.05  0.15   934  0.00  2.39 -0.68  0.47
 0.15  0.35   467  0.00  2.15 -0.74  0.21
 0.35  0.55   337  0.24  2.14 -0.87  0.09
 0.55  0.75   274  0.33  1.24 -0.88 -0.10
 0.75  0.95    51  0.70  1.12 -0.79 -0.38
PREP_DONE
