meshes in: [('Mesh_0', 3057928)]
tris before 3057928
tris after 7000
bbox min (-0.66, -1.37, 0.0) max (0.66, 1.37, 2.4)
Z slices: z_from z_to n ymin ymax xmin xmax  (y<0 = 'front' side of view)
 0.00  0.20   259 -0.95  1.03 -0.54  0.60
 0.20  0.40   239 -0.90  1.14 -0.59  0.66
 0.40  0.60   358 -0.87  1.17 -0.56  0.64
 0.60  0.80   426 -1.24  1.18 -0.66  0.57
 0.80  1.00   331 -1.34  1.15 -0.66  0.55
 1.00  1.20   253 -1.30  1.06 -0.60  0.48
 1.20  1.40   253 -1.33  1.30 -0.47  0.45
 1.40  1.60   179 -1.37  1.37 -0.51  0.46
 1.60  1.80   145 -1.27  1.36 -0.50  0.42
 1.80  2.00   474 -1.27  1.31 -0.54  0.39
 2.00  2.20   373 -1.08  1.16 -0.54  0.40
 2.20  2.40    87 -0.99 -0.44 -0.47  0.38
Y slices: y_from y_to n zmin zmax xmin xmax
-1.37 -1.17   183  0.66  1.98 -0.58  0.45
-1.17 -0.97   214  0.67  2.28 -0.59  0.46
-0.97 -0.77   525  0.00  2.40 -0.60  0.46
-0.77 -0.57   746  0.00  2.40 -0.66  0.55
-0.57 -0.37   546  0.00  2.40 -0.66  0.66
-0.37 -0.17   271  0.00  2.11 -0.58  0.66
-0.17  0.03   113  0.00  1.25 -0.52  0.64
 0.03  0.23   274  0.02  1.69 -0.45  0.55
 0.23  0.43   104  0.07  2.04 -0.35  0.51
 0.43  0.63    85  0.03  2.15 -0.39  0.31
 0.63  0.83    77  0.02  2.19 -0.40  0.35
 0.83  1.03   112  0.06  2.20 -0.37  0.35
 1.03  1.23    85  0.27  2.07 -0.31  0.33
 1.23  1.43    42  1.31  1.94 -0.15  0.28
PREP_DONE
