meshes in: [('Mesh_0', 15000)]
tris before 15000
tris after 15000
bbox min (-1.51, -1.21, 0.0) max (1.51, 1.21, 2.4)
Z slices: z_from z_to n ymin ymax xmin xmax  (y<0 = 'front' side of view)
 0.00  0.20  2211 -1.21  0.46 -0.81  1.51
 0.20  0.40   666 -0.60  0.56 -0.72  1.24
 0.40  0.60   537 -0.51  0.97 -1.10  1.02
 0.60  0.80   477 -0.46  1.05 -1.17  0.75
 0.80  1.00   511 -0.42  1.07 -1.32  0.65
 1.00  1.20   543 -0.41  1.19 -1.48  0.46
 1.20  1.40   586 -0.43  1.21 -1.51  0.38
 1.40  1.60   454 -0.25  1.21 -1.49  0.37
 1.60  1.80   288 -0.33  1.14 -1.36  0.35
 1.80  2.00   101 -0.26  0.50 -0.90  0.17
 2.00  2.20   135 -0.12  0.54 -0.97  0.10
 2.20  2.40    59 -0.03  0.56 -1.02 -0.26
Y slices: y_from y_to n zmin zmax xmin xmax
-1.21 -1.01   208  0.00  0.08  0.53  1.34
-1.01 -0.81   305  0.01  0.16  0.27  1.46
-0.81 -0.61   468  0.01  0.18  0.14  1.51
-0.61 -0.41   665  0.01  1.28 -0.06  1.51
-0.41 -0.21  1278  0.02  1.90 -0.80  1.47
-0.21 -0.01  1191  0.02  2.24 -0.81  1.36
-0.01  0.19   483  0.02  2.28 -0.89  1.09
 0.19  0.39   305  0.02  2.35 -1.02  0.38
 0.39  0.59   514  0.02  2.40 -1.29  0.34
 0.59  0.79   327  0.45  1.77 -1.46 -0.49
 0.79  0.99   488  0.46  1.77 -1.51 -0.51
 0.99  1.19   311  0.61  1.74 -1.49 -0.64
 1.19  1.39    25  1.19  1.53 -1.29 -1.06
PREP_DONE
