band      part   n      Root  Chest   Neck   Head  Tail1  Tail2   x-range
 0.0-0.1  front   39    0.91   0.00   0.01   0.01   0.00   0.00   -0.55.. 0.55
 0.0-0.1  mid     42    0.95   0.00   0.00   0.00   0.00   0.00   -0.48.. 0.51
 0.0-0.1  back    25    0.70   0.00   0.00   0.00   0.29   0.00   -0.21.. 0.14
 0.1-0.2  front   25    0.90   0.01   0.01   0.02   0.00   0.00   -0.52.. 0.53
 0.1-0.2  mid     24    0.92   0.01   0.01   0.01   0.00   0.00   -0.54.. 0.57
 0.1-0.2  back    37    0.69   0.00   0.00   0.00   0.30   0.00   -0.26.. 0.21
 0.2-0.3  front   24    0.79   0.03   0.08   0.08   0.00   0.00   -0.51.. 0.50
 0.2-0.3  mid     12    0.90   0.02   0.02   0.02   0.00   0.00   -0.59.. 0.60
 0.2-0.3  back    38    0.65   0.00   0.00   0.00   0.34   0.00   -0.27.. 0.38
 0.3-0.4  front   50    0.79   0.05   0.08   0.08   0.00   0.00   -0.56.. 0.59
 0.3-0.4  mid     17    0.87   0.06   0.02   0.02   0.00   0.00   -0.62.. 0.61
 0.3-0.4  back    39    0.56   0.00   0.00   0.00   0.42   0.00   -0.29.. 0.39
 0.4-0.5  front   62    0.46   0.04   0.19   0.31   0.00   0.00   -0.39.. 0.59
 0.4-0.5  mid     24    0.85   0.08   0.02   0.02   0.00   0.00   -0.62.. 0.64
 0.4-0.5  back    45    0.51   0.00   0.00   0.00   0.47   0.00   -0.41.. 0.37
 0.5-0.6  front   61    0.28   0.03   0.24   0.43   0.00   0.00   -0.42.. 0.54
 0.5-0.6  mid     23    0.79   0.11   0.04   0.04   0.00   0.00   -0.60.. 0.62
 0.5-0.6  back    39    0.45   0.00   0.00   0.00   0.53   0.00   -0.31.. 0.33
 0.6-0.7  front   57    0.21   0.03   0.26   0.48   0.00   0.00   -0.43.. 0.44
 0.6-0.7  mid     29    0.75   0.16   0.04   0.04   0.00   0.00   -0.58.. 0.60
 0.6-0.7  back    41    0.34   0.00   0.00   0.00   0.64   0.00   -0.23.. 0.33
 0.7-0.8  front   95    0.27   0.05   0.27   0.41   0.00   0.00   -0.44.. 0.45
 0.7-0.8  mid     24    0.68   0.20   0.06   0.05   0.00   0.00   -0.55.. 0.56
 0.7-0.8  back    19    0.30   0.01   0.00   0.00   0.68   0.00   -0.23.. 0.34
 0.8-0.9  front   88    0.14   0.04   0.29   0.52   0.00   0.00   -0.50.. 0.50
 0.8-0.9  mid     41    0.56   0.30   0.07   0.06   0.00   0.00   -0.45.. 0.51
 0.8-0.9  back    28    0.17   0.00   0.00   0.00   0.82   0.00   -0.21.. 0.34
 0.9-1.0  front  146    0.08   0.04   0.28   0.58   0.00   0.00   -0.51.. 0.57
 0.9-1.0  mid     62    0.37   0.47   0.09   0.05   0.00   0.00   -0.41.. 0.47
 0.9-1.0  back    23    0.12   0.00   0.00   0.00   0.86   0.00   -0.21.. 0.34
 1.0-1.1  front  235    0.05   0.03   0.27   0.63   0.00   0.00   -0.58.. 0.59
 1.0-1.1  mid     35    0.25   0.56   0.12   0.06   0.00   0.00   -0.38.. 0.43
 1.0-1.1  back    43    0.07   0.00   0.00   0.00   0.88   0.04   -0.23.. 0.34
 1.1-1.2  front  322    0.04   0.02   0.27   0.65   0.00   0.00   -0.57.. 0.58
 1.1-1.2  mid     11    0.11   0.48   0.29   0.11   0.00   0.00   -0.40.. 0.51
 1.1-1.2  back    44    0.03   0.00   0.00   0.00   0.82   0.13   -0.24.. 0.32
 1.2-1.3  front  270    0.03   0.02   0.27   0.66   0.00   0.00   -0.58.. 0.50
 1.2-1.3  mid     15    0.05   0.46   0.39   0.10   0.00   0.00   -0.33.. 0.49
 1.2-1.3  back    45    0.01   0.00   0.00   0.00   0.80   0.17   -0.25.. 0.30
 1.3-1.4  front  188    0.02   0.02   0.23   0.70   0.00   0.00   -0.64.. 0.44
 1.3-1.4  mid     55    0.01   0.53   0.38   0.07   0.00   0.00   -0.30.. 0.37
 1.3-1.4  back    63    0.00   0.00   0.00   0.00   0.77   0.22   -0.26.. 0.31
 1.4-1.5  front   64    0.02   0.01   0.17   0.77   0.00   0.00   -0.59.. 0.45
 1.4-1.5  mid      8    0.00   0.15   0.31   0.16   0.33   0.04   -0.37.. 0.35
 1.4-1.5  back    50    0.00   0.00   0.00   0.00   0.68   0.31   -0.30.. 0.30
BANDS_DONE
