meshes in: [('Mesh_0', 3061632)]
tris before 3061632
tris after 7000
bbox min (-0.64, -1.34, 0.0) max (0.64, 1.34, 2.4)
Z slices: z_from z_to n ymin ymax xmin xmax  (y<0 = 'front' side of view)
 0.00  0.20   192 -0.61  1.04 -0.55  0.57
 0.20  0.40   180 -0.54  1.19 -0.62  0.61
 0.40  0.60   254 -0.99  1.21 -0.62  0.64
 0.60  0.80   265 -1.02  1.18 -0.58  0.60
 0.80  1.00   388 -1.33  1.18 -0.51  0.57
 1.00  1.20   690 -1.34  1.20 -0.58  0.59
 1.20  1.40   636 -1.26  1.28 -0.64  0.50
 1.40  1.60   238 -1.09  1.33 -0.61  0.48
 1.60  1.80   168 -1.07  1.34 -0.53  0.47
 1.80  2.00   182 -0.93  1.32 -0.48  0.47
 2.00  2.20   164 -0.83  1.26 -0.52  0.46
 2.20  2.40   104 -0.49  1.07 -0.48  0.39
 2.40  2.60     1 -0.42 -0.42 -0.32 -0.32
Y slices: y_from y_to n zmin zmax xmin xmax
-1.34 -1.14   138  0.90  1.40 -0.64 -0.03
-1.14 -0.94   393  0.47  1.79 -0.61  0.18
-0.94 -0.74   553  0.44  2.05 -0.60  0.43
-0.74 -0.54   426  0.00  2.16 -0.53  0.57
-0.54 -0.34   400  0.00  2.40 -0.55  0.59
-0.34 -0.14   254  0.00  2.32 -0.61  0.64
-0.14  0.06   198  0.00  1.89 -0.62  0.64
 0.06  0.26   101  0.02  2.06 -0.54  0.57
 0.26  0.46   164  0.07  2.28 -0.44  0.39
 0.46  0.66   204  0.01  2.37 -0.35  0.35
 0.66  0.86   194  0.01  2.39 -0.33  0.35
 0.86  1.06   207  0.06  2.30 -0.26  0.34
 1.06  1.26   199  0.22  2.24 -0.20  0.30
 1.26  1.46    31  1.36  2.04 -0.08  0.20
PREP_DONE
