meshes in: [('Mesh_0', 3066227)]
tris before 3066227
tris after 6999
bbox min (-0.7, -1.37, 0.0) max (0.7, 1.37, 2.4)
Z slices: z_from z_to n ymin ymax xmin xmax  (y<0 = 'front' side of view)
 0.00  0.20   286 -0.75  1.07 -0.62  0.63
 0.20  0.40   200 -0.68  1.16 -0.69  0.69
 0.40  0.60   200 -0.74  1.24 -0.70  0.70
 0.60  0.80   330 -1.15  1.23 -0.67  0.62
 0.80  1.00   557 -1.23  1.22 -0.53  0.49
 1.00  1.20   525 -1.22  1.18 -0.43  0.40
 1.20  1.40   255 -1.37  1.29 -0.56  0.42
 1.40  1.60   233 -1.33  1.35 -0.55  0.44
 1.60  1.80   245 -1.15  1.37 -0.58  0.36
 1.80  2.00   277 -1.07  1.37 -0.59  0.42
 2.00  2.20   251 -0.84  1.27 -0.58  0.42
 2.20  2.40   134 -0.82  1.10 -0.45  0.34
 2.40  2.60     1  0.81  0.81 -0.09 -0.09
Y slices: y_from y_to n zmin zmax xmin xmax
-1.37 -1.17   129  0.86  1.56 -0.28  0.21
-1.17 -0.97   305  0.67  1.86 -0.56  0.39
-0.97 -0.77   310  0.65  2.31 -0.55  0.44
-0.77 -0.57   606  0.00  2.37 -0.60  0.57
-0.57 -0.37   483  0.00  2.32 -0.67  0.68
-0.37 -0.17   333  0.00  2.19 -0.70  0.70
-0.17  0.03   261  0.00  2.09 -0.70  0.69
 0.03  0.23   250  0.00  1.85 -0.66  0.65
 0.23  0.43   180  0.01  2.23 -0.53  0.56
 0.43  0.63   151  0.01  2.37 -0.36  0.37
 0.63  0.83   145  0.00  2.40 -0.39  0.28
 0.83  1.03   138  0.05  2.38 -0.41  0.21
 1.03  1.23   140  0.19  2.25 -0.39  0.17
 1.23  1.43    63  0.49  2.09 -0.31  0.07
PREP_DONE
