meshes in: [('Mesh_0', 3072427)]
tris before 3072427
tris after 6999
bbox min (-0.59, -1.36, 0.0) max (0.59, 1.36, 2.4)
Z slices: z_from z_to n ymin ymax xmin xmax  (y<0 = 'front' side of view)
 0.00  0.20   290 -0.70  0.97 -0.53  0.53
 0.20  0.40   172 -0.58  1.15 -0.58  0.58
 0.40  0.60   179 -0.79  1.23 -0.59  0.59
 0.60  0.80   350 -1.04  1.18 -0.56  0.55
 0.80  1.00   400 -1.04  1.19 -0.56  0.54
 1.00  1.20   451 -1.20  1.13 -0.50  0.44
 1.20  1.40   373 -1.35  1.23 -0.51  0.49
 1.40  1.60   303 -1.36  1.30 -0.57  0.41
 1.60  1.80   363 -1.14  1.36 -0.42  0.43
 1.80  2.00   381 -1.02  1.36 -0.37  0.42
 2.00  2.20   112 -0.88  1.24 -0.34  0.38
 2.20  2.40    61 -0.82  1.13 -0.24  0.22
 2.40  2.60     1  0.79  0.79  0.01  0.01
Y slices: y_from y_to n zmin zmax xmin xmax
-1.36 -1.16    90  1.05  1.57 -0.50  0.24
-1.16 -0.96   227  0.78  1.86 -0.49  0.49
-0.96 -0.76   478  0.58  2.23 -0.57  0.41
-0.76 -0.56   551  0.00  2.15 -0.52  0.53
-0.56 -0.36   441  0.00  2.13 -0.57  0.56
-0.36 -0.16   294  0.00  1.64 -0.59  0.59
-0.16  0.04   286  0.00  1.66 -0.58  0.58
 0.04  0.24   224  0.00  2.18 -0.54  0.54
 0.24  0.44   179  0.00  2.30 -0.45  0.44
 0.44  0.64   189  0.03  2.37 -0.32  0.32
 0.64  0.84   149  0.05  2.40 -0.31  0.31
 0.84  1.04   144  0.11  2.38 -0.31  0.31
 1.04  1.24   145  0.27  2.22 -0.27  0.27
 1.24  1.44    39  1.44  2.10 -0.16  0.16
PREP_DONE
