meshes in: [('Mesh_0', 2065852)]
tris before 2065852
  pass -> 206584
  pass -> 20658
  pass -> 7000
tris after 7000
bbox min (-1.09, -0.8, 0.0) max (1.09, 0.8, 2.4)
Z slices: z_from z_to n ymin ymax xmin xmax  (y<0 = 'front' side of view)
 0.00  0.20   159 -0.80  0.53 -0.62  0.86
 0.20  0.40   109 -0.72  0.68 -0.83  0.83
 0.40  0.60   131 -0.75  0.74 -0.88  0.87
 0.60  0.80   233 -0.77  0.75 -0.91  0.75
 0.80  1.00   323 -0.77  0.74 -0.86  0.73
 1.00  1.20   557 -0.64  0.67 -0.97  0.87
 1.20  1.40   298 -0.63  0.78 -1.09  0.94
 1.40  1.60   345 -0.62  0.80 -1.09  1.00
 1.60  1.80   312 -0.66  0.80 -1.09  1.09
 1.80  2.00   373 -0.67  0.76 -0.95  1.07
 2.00  2.20   288 -0.74  0.48 -0.70  1.02
 2.20  2.40   155 -0.67  0.22 -0.09  0.91
 2.40  2.60     1 -0.49 -0.49  0.17  0.17
Y slices: y_from y_to n zmin zmax xmin xmax
-0.80 -0.60   213  0.00  2.30 -0.13  0.92
-0.60 -0.40   575  0.00  2.40 -0.34  1.04
-0.40 -0.20   685  0.01  2.40 -0.46  1.07
-0.20 -0.00   605  0.00  2.38 -0.51  1.09
-0.00  0.20   520  0.00  2.37 -0.88  0.91
 0.20  0.40   423  0.09  2.23 -1.04  0.79
 0.40  0.60   149  0.12  2.03 -1.09  0.29
 0.60  0.80   112  0.29  1.97 -1.07 -0.09
 0.80  1.00     2  1.48  1.62 -0.79 -0.73
PREP_DONE
