meshes in: [('Mesh_0', 3072626)]
tris before 3072626
tris after 6998
bbox min (-0.76, -1.51, 0.0) max (0.76, 1.51, 2.4)
Z slices: z_from z_to n ymin ymax xmin xmax  (y<0 = 'front' side of view)
 0.00  0.20   175 -0.72  0.98 -0.53  0.70
 0.20  0.40   186 -1.31  1.21 -0.59  0.75
 0.40  0.60   409 -1.51  1.31 -0.62  0.76
 0.60  0.80   647 -1.50  1.26 -0.69  0.71
 0.80  1.00   811 -1.39  1.27 -0.76  0.66
 1.00  1.20   260 -1.35  1.26 -0.70  0.64
 1.20  1.40   170 -0.93  1.31 -0.46  0.51
 1.40  1.60   171 -1.15  1.48 -0.49  0.49
 1.60  1.80   160 -1.18  1.51 -0.47  0.52
 1.80  2.00   135 -0.97  1.49 -0.50  0.46
 2.00  2.20   119 -0.89  1.42 -0.50  0.44
 2.20  2.40    61 -0.63  1.13 -0.40  0.34
 2.40  2.60     1  0.75  0.75  0.05  0.05
Y slices: y_from y_to n zmin zmax xmin xmax
-1.51 -1.31   257  0.40  1.02 -0.55  0.22
-1.31 -1.11   572  0.32  1.73 -0.64  0.44
-1.11 -0.91   551  0.33  1.97 -0.71  0.56
-0.91 -0.71   455  0.01  2.08 -0.76  0.65
-0.71 -0.51   402  0.00  2.37 -0.72  0.66
-0.51 -0.31   247  0.00  2.33 -0.73  0.75
-0.31 -0.11   157  0.00  1.98 -0.65  0.76
-0.11  0.09    77  0.00  1.26 -0.59  0.75
 0.09  0.29    69  0.03  1.97 -0.51  0.69
 0.29  0.49   124  0.14  2.30 -0.36  0.48
 0.49  0.69   108  0.05  2.37 -0.39  0.46
 0.69  0.89    70  0.06  2.40 -0.42  0.45
 0.89  1.09    90  0.10  2.39 -0.41  0.43
 1.09  1.29    87  0.22  2.25 -0.39  0.38
 1.29  1.49    36  0.57  2.10 -0.30  0.28
 1.49  1.69     3  1.75  1.87 -0.18 -0.15
PREP_DONE
