tris before 273172
tex in (4096, 4096)
dims (1.903, 0.984, 0.653) red faces 29178 red centroid (0.7, -0.001, 0.137)
long axis x stern (1.0, 0.0, 0.0) rotate 90
tris after 8000
bbox min (-2.07, -4.0, 0.0) max (2.07, 4.0, 2.74)  (bow = -Y, stern/motor = +Y)
Y slices (bow->stern): y_from y_to n zmin zmax xmin xmax
-4.00 -3.50   140  0.61  2.22 -0.56  0.57
-3.50 -3.00   346  0.06  1.98 -1.19  1.18
-3.00 -2.50   459  0.00  1.94 -1.52  1.51
-2.50 -2.00   414  0.00  1.93 -1.76  1.76
-2.00 -1.50   245  0.00  1.92 -1.87  1.89
-1.50 -1.00   188  0.00  1.91 -2.00  2.00
-1.00 -0.50   122  0.00  1.87 -2.02  2.02
-0.50  0.00   171  0.00  1.90 -2.05  2.07
 0.00  0.50   192  0.00  1.90 -2.07  2.07
 0.50  1.00   124  0.00  1.91 -2.03  2.04
 1.00  1.50   144  0.00  1.91 -2.01  2.01
 1.50  2.00   156  0.00  1.98 -1.95  1.96
 2.00  2.50   487  0.00  2.59 -1.87  1.88
 2.50  3.00   540  0.00  2.74 -1.79  1.79
 3.00  3.50   148  0.52  2.74 -0.51  0.52
 3.50  4.00   111  1.80  2.66 -0.43  0.44
Centre-line top surfaces (|x|<0.4): y  z_values(rounded, upward faces)
-4.00 [1.9, 2.0, 2.2]
-3.50 [0.9, 1.2, 1.4, 1.7, 1.9, 2.0]
-3.00 [0.8, 0.9, 1.3, 1.4]
-2.50 [0.8, 0.9, 1.3, 1.4]
-2.00 [0.9, 1.3]
-1.50 [0.9]
-1.00 [0.9]
-0.50 [0.9, 1.4]
 0.00 [0.9, 1.4]
 0.50 [0.9]
 1.00 [0.9]
 1.50 [0.9, 2.0]
 2.00 [0.9, 1.4, 1.8, 2.0, 2.1, 2.5]
 2.50 [0.8, 1.4, 1.7, 1.8, 1.9, 2.0, 2.1, 2.6, 2.7]
 3.00 [1.6, 1.9, 2.7]
 3.50 [2.0, 2.1, 2.6, 2.7]
exported boat.fbx
PREP_DONE
