meshes in: [('Mesh_0', 281250)]
tris before 281250
  pass -> 28124
  pass -> 4000
tris after 4000
bbox min (-0.89, -0.62, 0.0) max (0.89, 0.62, 1.0)
Z slices: z_from z_to n ymin ymax xmin xmax  (y<0 = 'front' side of view)
 0.00  0.20   548 -0.62  0.53 -0.89  0.89
 0.20  0.40   956 -0.62  0.58 -0.78  0.80
 0.40  0.60   254 -0.48  0.62 -0.70  0.71
 0.60  0.80   120 -0.48  0.57 -0.48  0.48
 0.80  1.00   123 -0.56  0.30 -0.28  0.25
Y slices: y_from y_to n zmin zmax xmin xmax
-0.62 -0.42   429  0.03  1.00 -0.53  0.53
-0.42 -0.22   356  0.02  0.93 -0.87  0.88
-0.22 -0.02   393  0.00  0.84 -0.89  0.89
-0.02  0.18   317  0.08  0.85 -0.77  0.78
 0.18  0.38   282  0.00  0.84 -0.78  0.78
 0.38  0.58   205  0.00  0.76 -0.60  0.60
 0.58  0.78    20  0.40  0.56 -0.15  0.15
PREP_DONE
