meshes in: [('Mesh_0', 14999)]
tris before 14999
tris after 14999
bbox min (-0.95, -0.72, 0.0) max (0.95, 0.72, 2.4)
Z slices: z_from z_to n ymin ymax xmin xmax  (y<0 = 'front' side of view)
 0.00  0.20   576 -0.49  0.10 -0.59  0.94
 0.20  0.40   232 -0.38  0.42 -0.58  0.74
 0.40  0.60   658 -0.38  0.64 -0.56  0.75
 0.60  0.80   621 -0.41  0.68 -0.64  0.68
 0.80  1.00   845 -0.51  0.68 -0.65  0.62
 1.00  1.20   644 -0.51  0.66 -0.84  0.66
 1.20  1.40   692 -0.49  0.71 -0.95  0.71
 1.40  1.60   735 -0.72  0.72 -0.95  0.88
 1.60  1.80  1086 -0.72  0.71 -0.91  0.95
 1.80  2.00   725 -0.64  0.52 -0.76  0.89
 2.00  2.20   519 -0.51  0.16 -0.33  0.72
 2.20  2.40   125 -0.31  0.16 -0.31  0.46
 2.40  2.60     1  0.07  0.07  0.27  0.27
Y slices: y_from y_to n zmin zmax xmin xmax
-0.72 -0.52   285  1.46  1.84 -0.30  0.48
-0.52 -0.32  1695  0.00  2.20 -0.39  0.95
-0.32 -0.12  1662  0.00  2.23 -0.57  0.94
-0.12  0.08  1460  0.00  2.40 -0.64  0.76
 0.08  0.28  1066  0.03  2.40 -0.88  0.63
 0.28  0.48   661  0.39  1.91 -0.95  0.20
 0.48  0.68   596  0.44  1.84 -0.92  0.07
 0.68  0.88    34  1.29  1.65 -0.77 -0.46
PREP_DONE
