meshes in: [('Mesh_0', 689608)]
tris before 689608
  pass -> 68960
  pass -> 7000
tris after 7000
bbox min (-1.02, -0.76, 0.0) max (1.02, 0.76, 2.4)
Z slices: z_from z_to n ymin ymax xmin xmax  (y<0 = 'front' side of view)
 0.00  0.20   351 -0.69  0.11 -0.45  1.00
 0.20  0.40   111 -0.61  0.38 -0.37  0.80
 0.40  0.60   108 -0.63  0.55 -0.61  0.82
 0.60  0.80   196 -0.73  0.63 -0.69  0.77
 0.80  1.00   364 -0.76  0.63 -0.72  0.69
 1.00  1.20   253 -0.70  0.60 -0.86  0.94
 1.20  1.40   334 -0.63  0.66 -0.99  0.93
 1.40  1.60   424 -0.66  0.71 -1.01  0.88
 1.60  1.80   340 -0.71  0.76 -1.02  0.90
 1.80  2.00   390 -0.63  0.75 -0.96  1.02
 2.00  2.20   426 -0.57  0.68 -0.80  1.01
 2.20  2.40   149 -0.55  0.14 -0.08  0.82
Y slices: y_from y_to n zmin zmax xmin xmax
-0.76 -0.56   521  0.03  2.03 -0.44  0.76
-0.56 -0.36  1206  0.04  2.40 -0.45  0.90
-0.36 -0.16   664  0.00  2.40 -0.30  1.02
-0.16  0.04   464  0.00  2.33 -0.54  1.00
 0.04  0.24   344  0.02  2.26 -0.93  0.80
 0.24  0.44   107  0.36  2.14 -1.02  0.06
 0.44  0.64   113  0.45  2.12 -1.00 -0.03
 0.64  0.84    27  1.35  2.01 -0.92 -0.30
PREP_DONE
