meshes in: [('Mesh_0', 515848)]
tris before 515848
  pass -> 51584
  pass -> 6998
tris after 6998
bbox min (-0.97, -0.81, 0.0) max (0.97, 0.81, 2.4)
Z slices: z_from z_to n ymin ymax xmin xmax  (y<0 = 'front' side of view)
 0.00  0.20   306 -0.52 -0.03 -0.66  0.30
 0.20  0.40    79 -0.44  0.51 -0.62  0.40
 0.40  0.60   206 -0.71  0.65 -0.69  0.60
 0.60  0.80   336 -0.73  0.68 -0.68  0.64
 0.80  1.00   342 -0.81  0.69 -0.62  0.66
 1.00  1.20   177 -0.71  0.66 -0.67  0.83
 1.20  1.40   392 -0.72  0.78 -0.93  0.94
 1.40  1.60   384 -0.76  0.81 -0.97  0.97
 1.60  1.80   463 -0.81  0.79 -0.93  0.94
 1.80  2.00   395 -0.78  0.69 -0.83  0.80
 2.00  2.20   233 -0.78  0.22 -0.63  0.28
 2.20  2.40   153 -0.61 -0.10 -0.61  0.26
 2.40  2.60     1 -0.53 -0.53 -0.14 -0.14
Y slices: y_from y_to n zmin zmax xmin xmax
-0.81 -0.61   567  0.53  2.28 -0.82  0.38
-0.61 -0.41  1170  0.00  2.40 -0.97  0.52
-0.41 -0.21   652  0.00  2.37 -0.96  0.60
-0.21 -0.01   379  0.00  2.27 -0.68  0.49
-0.01  0.19   291  0.34  2.15 -0.56  0.71
 0.19  0.39   149  0.32  2.02 -0.35  0.91
 0.39  0.59   141  0.34  1.94 -0.10  0.97
 0.59  0.79   113  0.50  1.90  0.07  0.96
 0.79  0.99     5  1.45  1.64  0.64  0.76
PREP_DONE
