band      part   n      Root  Chest   Neck   Head  Tail1  Tail2   x-range
 0.0-0.1  front   69    0.91   0.00   0.02   0.03   0.00   0.00   -0.78.. 0.33
 0.0-0.1  mid    146    0.92   0.00   0.01   0.02   0.00   0.00   -0.81.. 0.38
 0.0-0.1  back    16    0.76   0.00   0.00   0.00   0.24   0.00    0.10.. 0.46
 0.1-0.2  front   31    0.90   0.00   0.03   0.04   0.00   0.00   -0.71.. 0.29
 0.1-0.2  mid     91    0.90   0.00   0.02   0.03   0.01   0.00   -0.76.. 0.40
 0.1-0.2  back    31    0.72   0.00   0.00   0.00   0.27   0.00   -0.39.. 0.62
 0.2-0.3  front   24    0.83   0.00   0.07   0.08   0.00   0.00   -0.66.. 0.34
 0.2-0.3  mid     26    0.86   0.00   0.03   0.03   0.04   0.00   -0.72.. 0.48
 0.2-0.3  back    28    0.65   0.00   0.00   0.00   0.33   0.00   -0.50.. 0.74
 0.3-0.4  front   23    0.77   0.00   0.10   0.11   0.00   0.00   -0.69.. 0.40
 0.3-0.4  mid     25    0.78   0.00   0.02   0.03   0.14   0.00   -0.77.. 0.56
 0.3-0.4  back    28    0.59   0.00   0.00   0.00   0.39   0.00   -0.54.. 0.81
 0.4-0.5  front   44    0.56   0.01   0.20   0.22   0.00   0.00   -0.63.. 0.36
 0.4-0.5  mid     41    0.79   0.01   0.02   0.03   0.12   0.00   -0.77.. 0.60
 0.4-0.5  back    59    0.63   0.01   0.00   0.00   0.33   0.00   -0.55.. 0.86
 0.5-0.6  front  199    0.42   0.01   0.26   0.29   0.00   0.00   -0.82.. 0.36
 0.5-0.6  mid     49    0.73   0.03   0.08   0.09   0.05   0.00   -0.73.. 0.53
 0.5-0.6  back    49    0.41   0.00   0.00   0.00   0.58   0.00   -0.45.. 0.89
 0.6-0.7  front  165    0.34   0.01   0.30   0.33   0.00   0.00   -0.87.. 0.34
 0.6-0.7  mid     51    0.64   0.04   0.09   0.11   0.10   0.00   -0.86.. 0.57
 0.6-0.7  back    31    0.36   0.00   0.00   0.00   0.62   0.00   -0.41.. 0.90
 0.7-0.8  front  136    0.26   0.02   0.33   0.38   0.00   0.00   -0.90.. 0.23
 0.7-0.8  mid     27    0.53   0.04   0.08   0.11   0.22   0.00   -0.84.. 0.64
 0.7-0.8  back    23    0.20   0.00   0.00   0.00   0.80   0.00    0.03.. 0.89
 0.8-0.9  front   92    0.19   0.01   0.37   0.41   0.00   0.00   -0.88.. 0.33
 0.8-0.9  mid     23    0.53   0.09   0.10   0.14   0.12   0.00   -0.84.. 0.69
 0.8-0.9  back    22    0.12   0.00   0.00   0.00   0.87   0.00    0.09.. 0.90
 0.9-1.0  front  135    0.15   0.01   0.38   0.44   0.00   0.00   -0.72.. 0.42
 0.9-1.0  mid     30    0.34   0.13   0.14   0.19   0.20   0.00   -0.73.. 0.63
 0.9-1.0  back    18    0.07   0.00   0.00   0.00   0.92   0.00    0.13.. 0.88
 1.0-1.1  front  115    0.07   0.01   0.39   0.52   0.00   0.00   -0.76.. 0.44
 1.0-1.1  mid     21    0.18   0.10   0.23   0.35   0.14   0.00   -0.76.. 0.62
 1.0-1.1  back    17    0.04   0.00   0.00   0.00   0.94   0.00    0.15.. 0.86
 1.1-1.2  front  184    0.04   0.01   0.33   0.61   0.00   0.00   -0.71.. 0.43
 1.1-1.2  mid     25    0.10   0.11   0.23   0.20   0.35   0.00   -0.68.. 0.74
 1.1-1.2  back    20    0.01   0.00   0.00   0.00   0.95   0.00    0.14.. 0.85
 1.2-1.3  front  132    0.01   0.01   0.26   0.70   0.00   0.00   -0.70.. 0.38
 1.2-1.3  mid     60    0.06   0.13   0.38   0.16   0.25   0.01   -0.63.. 0.73
 1.2-1.3  back    29    0.00   0.00   0.00   0.00   0.93   0.03    0.10.. 0.80
 1.3-1.4  front  104    0.00   0.01   0.16   0.80   0.00   0.00   -0.81.. 0.34
 1.3-1.4  mid     37    0.02   0.13   0.26   0.09   0.46   0.04   -0.73.. 0.69
 1.3-1.4  back    21    0.00   0.00   0.00   0.00   0.93   0.06    0.10.. 0.76
 1.4-1.5  front  106    0.00   0.02   0.12   0.84   0.00   0.00   -0.83.. 0.32
 1.4-1.5  mid     27    0.01   0.19   0.28   0.11   0.34   0.06   -0.78.. 0.68
 1.4-1.5  back    26    0.00   0.00   0.00   0.00   0.89   0.11    0.02.. 0.85
BANDS_DONE
