follows BODY: 913 verts
   v 2958 ( 0.08,-0.53, 1.10) head 0.00 body 0.98 rgb (0.05,0.05,0.06) hsv (223,0.19,0.06)
   v 2228 (-0.64,-0.54, 1.10) head 0.00 body 1.00 rgb (0.12,0.14,0.24) hsv (230,0.49,0.24)
   v 2000 (-0.68,-0.24, 1.10) head 0.00 body 1.00 rgb (0.04,0.04,0.04) hsv (  0,0.00,0.04)
   v 1652 ( 0.01,-0.56, 1.10) head 0.00 body 0.98 rgb (0.04,0.04,0.05) hsv (240,0.20,0.05)
   v 2109 ( 0.06,-0.50, 1.10) head 0.00 body 0.97 rgb (0.05,0.05,0.06) hsv (240,0.20,0.06)
   v 1373 (-0.45,-0.63, 1.09) head 0.00 body 0.98 rgb (0.85,0.04,0.13) hsv (354,0.95,0.85)
   v 1151 (-0.59,-0.56, 1.09) head 0.00 body 1.00 rgb (0.09,0.12,0.20) hsv (226,0.56,0.20)
   v  728 (-0.35,-0.62, 1.09) head 0.00 body 0.98 rgb (0.46,0.04,0.05) hsv (359,0.91,0.46)
   v 1660 ( 0.03,-0.58, 1.09) head 0.00 body 0.98 rgb (0.04,0.04,0.04) hsv (195,0.06,0.04)
   v  108 ( 0.05,-0.57, 1.09) head 0.00 body 0.98 rgb (0.11,0.13,0.22) hsv (228,0.51,0.22)
   v  892 (-0.71,-0.40, 1.09) head 0.00 body 1.00 rgb (0.04,0.05,0.05) hsv (225,0.15,0.05)
   v  969 (-0.27,-0.63, 1.09) head 0.00 body 0.98 rgb (0.88,0.04,0.12) hsv (355,0.95,0.88)
   v 1422 (-0.11,-0.61, 1.09) head 0.00 body 0.98 rgb (0.03,0.03,0.03) hsv (150,0.05,0.03)
   v 1231 ( 0.01,-0.57, 1.09) head 0.00 body 0.98 rgb (0.01,0.01,0.01) hsv (240,0.27,0.01)
   v 1879 ( 0.02,-0.60, 1.09) head 0.00 body 0.98 rgb (0.04,0.04,0.04) hsv (267,0.13,0.04)
   v  939 (-0.46,-0.04, 1.09) head 0.00 body 1.00 rgb (0.05,0.04,0.05) hsv (300,0.07,0.05)
   v  984 (-0.18,-0.64, 1.09) head 0.00 body 0.99 rgb (0.99,0.04,0.14) hsv (354,0.96,0.99)
   v 2852 (-0.65,-0.48, 1.09) head 0.00 body 1.00 rgb (0.07,0.07,0.09) hsv (240,0.23,0.09)
   v 2039 (-0.45,-0.59, 1.09) head 0.00 body 0.98 rgb (0.97,0.85,0.85) hsv (  2,0.12,0.97)
   v  777 (-0.01,-0.61, 1.08) head 0.00 body 0.98 rgb (0.05,0.05,0.08) hsv (231,0.39,0.08)
   v 1361 (-0.56,-0.58, 1.08) head 0.00 body 1.00 rgb (0.06,0.06,0.07) hsv (270,0.12,0.07)
   v   48 (-0.47,-0.60, 1.08) head 0.00 body 0.99 rgb (0.14,0.19,0.36) hsv (226,0.62,0.36)
   v 1206 (-0.16,-0.61, 1.08) head 0.00 body 0.98 rgb (0.98,0.28,0.31) hsv (357,0.71,0.98)
   v 3089 (-0.47,-0.60, 1.08) head 0.00 body 0.99 rgb (0.04,0.04,0.05) hsv (240,0.17,0.05)
   v 1406 (-0.25,-0.65, 1.08) head 0.00 body 0.99 rgb (0.99,0.04,0.13) hsv (354,0.96,0.99)
   v 2023 (-0.55,-0.10, 1.08) head 0.00 body 1.00 rgb (0.04,0.04,0.05) hsv (240,0.08,0.05)
   v  264 (-0.47,-0.58, 1.07) head 0.00 body 0.98 rgb (0.11,0.04,0.04) hsv (  0,0.59,0.11)
   v  956 (-0.36,-0.00, 1.07) head 0.00 body 1.00 rgb (0.05,0.04,0.05) hsv (277,0.13,0.05)
   v 2298 (-0.12,-0.59, 1.07) head 0.00 body 0.98 rgb (0.30,0.30,0.31) hsv (226,0.02,0.31)
   v  504 (-0.37,-0.65, 1.07) head 0.00 body 0.98 rgb (0.98,0.04,0.14) hsv (354,0.96,0.98)
   v 3361 ( 0.02,-0.12, 1.07) head 0.00 body 1.00 rgb (0.04,0.04,0.05) hsv (240,0.08,0.05)
   v  564 ( 0.11,-0.19, 1.07) head 0.00 body 1.00 rgb (0.04,0.05,0.05) hsv (195,0.08,0.05)
   v  950 (-0.44,-0.64, 1.07) head 0.00 body 0.98 rgb (0.99,0.04,0.14) hsv (354,0.96,0.99)
   v 1593 (-0.45,-0.57, 1.07) head 0.00 body 0.98 rgb (0.05,0.04,0.04) hsv (  0,0.17,0.05)
   v 3169 ( 0.10,-0.49, 1.07) head 0.00 body 0.98 rgb (0.06,0.06,0.07) hsv (227,0.08,0.07)
   v 3143 (-0.13,-0.58, 1.07) head 0.00 body 0.99 rgb (0.29,0.29,0.30) hsv (218,0.03,0.30)
   v 3160 ( 0.06,-0.52, 1.07) head 0.00 body 0.98 rgb (0.05,0.05,0.06) hsv (240,0.20,0.06)
   v  513 (-0.35,-0.63, 1.06) head 0.00 body 0.98 rgb (0.80,0.04,0.10) hsv (355,0.95,0.80)
   v 1594 (-0.45,-0.58, 1.06) head 0.00 body 0.98 rgb (0.06,0.04,0.04) hsv (350,0.34,0.06)
   v 3142 (-0.13,-0.59, 1.06) head 0.00 body 0.99 rgb (0.43,0.41,0.40) hsv ( 19,0.06,0.43)
LEAKS_DONE
