meshes in: [('Mesh_0', 3028794)]
tris before 3028794
tris after 7000
bbox min (-0.9, -0.98, 0.0) max (0.9, 0.98, 2.4)
Z slices: z_from z_to n ymin ymax xmin xmax  (y<0 = 'front' side of view)
 0.00  0.20   384 -0.59  0.79 -0.81  0.62
 0.20  0.40   154 -0.57  0.93 -0.77  0.81
 0.40  0.60   441 -0.74  0.98 -0.82  0.89
 0.60  0.80   433 -0.76  0.96 -0.90  0.90
 0.80  1.00   320 -0.78  0.96 -0.88  0.90
 1.00  1.20   382 -0.74  0.91 -0.76  0.86
 1.20  1.40   383 -0.98  0.80 -0.81  0.80
 1.40  1.60   301 -0.98  0.84 -0.83  0.88
 1.60  1.80   252 -0.81  0.86 -0.79  0.88
 1.80  2.00   241 -0.73  0.84 -0.78  0.90
 2.00  2.20   115 -0.44  0.81 -0.78  0.87
 2.20  2.40    62 -0.26  0.71 -0.67  0.70
 2.40  2.60     1  0.53  0.53  0.49  0.49
Y slices: y_from y_to n zmin zmax xmin xmax
-0.98 -0.78    97  1.22  1.72 -0.66 -0.02
-0.78 -0.58   811  0.00  1.93 -0.83  0.37
-0.58 -0.38   799  0.00  2.07 -0.90  0.44
-0.38 -0.18   457  0.00  2.23 -0.89  0.42
-0.18  0.02   284  0.00  2.02 -0.80  0.43
 0.02  0.22   264  0.00  2.22 -0.73  0.69
 0.22  0.42   295  0.07  2.37 -0.63  0.83
 0.42  0.62   164  0.06  2.40 -0.34  0.89
 0.62  0.82   216  0.09  2.29 -0.05  0.90
 0.82  1.02    82  0.20  1.99  0.15  0.76
PREP_DONE
