meshes in: [('Mesh_0', 15000)]
tris before 15000
tris after 15000
bbox min (-0.9, -0.83, 0.0) max (0.9, 0.83, 2.4)
Z slices: z_from z_to n ymin ymax xmin xmax  (y<0 = 'front' side of view)
 0.00  0.20   210 -0.83 -0.23 -0.40  0.82
 0.20  0.40    98 -0.59  0.21 -0.24  0.62
 0.40  0.60   380 -0.69  0.48 -0.53  0.66
 0.60  0.80   585 -0.70  0.55 -0.59  0.89
 0.80  1.00  1027 -0.71  0.55 -0.59  0.90
 1.00  1.20  1086 -0.71  0.75 -0.85  0.87
 1.20  1.40  1016 -0.69  0.82 -0.90  0.87
 1.40  1.60  1368 -0.67  0.83 -0.90  0.81
 1.60  1.80   582 -0.73  0.80 -0.85  0.66
 1.80  2.00   493 -0.72  0.56 -0.64  0.65
 2.00  2.20   302 -0.65  0.20 -0.35  0.43
 2.20  2.40   201 -0.44  0.13 -0.35  0.41
 2.40  2.60     1 -0.36 -0.36  0.16  0.16
Y slices: y_from y_to n zmin zmax xmin xmax
-0.83 -0.63   471  0.00  2.17 -0.40  0.90
-0.63 -0.43  2151  0.00  2.26 -0.39  0.89
-0.43 -0.23  1686  0.00  2.40 -0.32  0.87
-0.23 -0.03  1333  0.00  2.35 -0.58  0.74
-0.03  0.17   698  0.37  2.38 -0.83  0.60
 0.17  0.37   407  0.40  2.02 -0.89  0.31
 0.37  0.57   364  0.47  1.87 -0.90  0.05
 0.57  0.77   191  1.09  1.78 -0.85 -0.01
 0.77  0.97    48  1.23  1.65 -0.63 -0.24
PREP_DONE
